0,0
1,0
2,0
3,0
4,0
5,0
6,0
7,0
8,0
9,0
10,0
11,0
12,0
13,0
14,0
15,0
16,0
17,0
18,0
19,0
20,0
21,0
22,0
23,0
24,0
25,0
26,0
27,0
28,0
29,0
30,0
31,0
32,0
33,0
34,0
35,0
36,0
37,0
38,0
39,0
40,0
41,0
42,0
43,0
44,0
45,0
46,0
47,0
48,0
49,0
50,0
51,0
52,0
53,0
54,0
55,0
56,0
57,0
58,0
59,0
60,0
61,0
62,0
63,0
64,0
65,0
66,0
67,0
68,0
69,0
70,0
71,0
72,0
73,0
74,0
75,0
76,0
77,0
78,0
79,0
80,0
81,0
82,0
83,0
84,0
85,0
86,0
87,0
88,0
89,0
90,0
91,0
92,0
93,0
94,0
95,0
96,0
97,0
98,0
99,0
100,0
101,0
102,0
103,0
104,0
105,0
106,0
107,0
108,0
109,0
110,0
111,0
112,0
113,0
114,0
115,0
116,0
117,0
118,0
119,0
120,0
121,0
122,0
123,0
124,0
125,0
126,0
127,0
128,0
129,0
130,0
131,0
132,0
133,0
134,0
135,0
136,0
137,0
138,0
139,0
140,0
141,0
142,0
143,0
144,0
145,0
146,0
147,0
148,0
149,0
150,0.0333392
151,0.0334792
152,0.0335809
153,0.0335351
154,0.0336715
155,0.0337043
156,0.033658
157,0.0335394
158,0.0335313
159,0.0335577
160,0.0335241
161,0.0335071
162,0.0335933
163,0.0336521
164,0.0336913
165,0.0337354
166,0.0337057
167,0.0337848
168,0.0339346
169,0.0338879
170,0.0336934
171,0.0336888
172,0.033702
173,0.03358
174,0.0335438
175,0.0336913
176,0.0337217
177,0.0336141
178,0.0336909
179,0.0336979
180,0.0335405
181,0.0333982
182,0.0332649
183,0.0332415
184,0.0330894
185,0.0329737
186,0.0329521
187,0.0329759
188,0.0327819
189,0.0323975
190,0.032059
191,0.0320451
192,0.0316719
193,0.0314898
194,0.0311302
195,0.0307458
196,0.0306442
197,0.0301978
198,0.0296531
199,0.0295828
200,0.0291454
201,0.0286339
202,0.0283653
203,0.0281573
204,0.0278329
205,0.0277664
206,0.0276646
207,0.0276682
208,0.0276072
209,0.0275196
210,0.027576
211,0.0275712
212,0.0273526
213,0.0272949
214,0.0272841
215,0.0271512
216,0.0270808
217,0.026985
218,0.0267789
219,0.0266401
220,0.0265194
221,0.0263972
222,0.0263957
223,0.0262084
224,0.0261872
225,0.0259413
226,0.0256032
227,0.0254745
228,0.0254445
229,0.0252631
230,0.0253092
231,0.025257
232,0.0251876
233,0.0251883
234,0.0251918
235,0.0251752
236,0.0251908
237,0.0252047
238,0.0251422
239,0.0250915
240,0.0249948
241,0.0249637
242,0.024966
243,0.0248177
244,0.0246891
245,0.0247064
246,0.0246323
247,0.0246307
248,0.0245275
249,0.024493
250,0.0243881
251,0.0241694
252,0.0241095
253,0.0241366
254,0.0240884
255,0.0240169
256,0.0240362
257,0.0240868
258,0.0241309
259,0.0240842
260,0.0241442
261,0.0241415
262,0.0240483
263,0.0239676
264,0.0238905
265,0.0238656
266,0.0238698
267,0.023813
268,0.0236378
269,0.0235886
270,0.0237633
271,0.0238345
272,0.023813
273,0.0237702
274,0.0237895
275,0.0236082
276,0.0234449
277,0.0235886
278,0.0233936
279,0.0233044
280,0.0233686
281,0.0234512
282,0.0235162
283,0.0235711
284,0.0236157
285,0.0236207
286,0.0235188
287,0.0234778
288,0.0234199
289,0.0235572
290,0.0235408
291,0.023512
292,0.0233914
293,0.0233772
294,0.0233706
295,0.0235164
296,0.0235125
297,0.0235563
298,0.0236441
299,0.0236633
300,0.0236047
301,0.02369
302,0.0237165
303,0.0236905
304,0.0237137
305,0.0236651
306,0.0236337
307,0.0236221
308,0.023614
309,0.0234639
310,0.0233383
311,0.0232835
312,0.0233237
313,0.0233838
314,0.0233361
315,0.0233281
316,0.0233035
317,0.0233185
318,0.0232294
319,0.0233015
320,0.0233171
321,0.0233268
322,0.0233041
323,0.0233653
324,0.0232683
325,0.023292
326,0.0233799
327,0.0233817
328,0.0232993
329,0.0232593
330,0.0231864
331,0.0231396
332,0.0231206
333,0.0230494
334,0.0229473
335,0.0229293
336,0.0229501
337,0.0228764
338,0.0228499
339,0.0228412
340,0.0227728
341,0.0227945
342,0.0226639
343,0.0226235
344,0.0226237
345,0.0225637
346,0.0225332
347,0.0225635
348,0.0225127
349,0.0225113
350,0.022471
351,0.0225179
352,0.0224127
353,0.0224092
354,0.0223247
355,0.0223718
356,0.0223607
357,0.0223328
358,0.0222155
359,0.0221344
360,0.0220942
361,0.0220589
362,0.0220349
363,0.0220143
364,0.0220166
365,0.0219415
366,0.0218978
367,0.0218539
368,0.0218104
369,0.0217356
370,0.021582
371,0.0214713
372,0.0215103
373,0.021529
374,0.0214686
375,0.0214468
376,0.0214352
377,0.021352
378,0.0213527
379,0.0212555
380,0.0211843
381,0.0210909
382,0.0210313
383,0.0209145
384,0.0209094
385,0.0208232
386,0.0207546
387,0.0207226
388,0.0207455
389,0.020609
390,0.0205974
391,0.0205325
392,0.0205034
393,0.0204034
394,0.0204309
395,0.0202117
396,0.0201517
397,0.0201371
398,0.0200571
399,0.0200002
400,0.0199964
401,0.0199264
402,0.0199761
403,0.0199651
404,0.0199012
405,0.0199253
406,0.0200011
407,0.0199478
408,0.0200143
409,0.0201607
410,0.0202243
411,0.0201882
412,0.0202714
413,0.0202965
414,0.0203345
415,0.0203672
416,0.0204111
417,0.0204248
418,0.0204695
419,0.0203971
420,0.0203778
421,0.0204293
422,0.0203761
423,0.0203772
424,0.0204444
425,0.0205023
426,0.0204172
427,0.0204277
428,0.0204175
429,0.0204998
430,0.0205098
431,0.0205463
432,0.020641
433,0.0207282
434,0.020721
435,0.0207172
436,0.020778
437,0.0208613
438,0.0209209
439,0.0209333
440,0.0210452
441,0.0210417
442,0.0211713
443,0.021312
444,0.0213487
445,0.0213468
446,0.0214715
447,0.0215709
448,0.0216249
449,0.0216516
450,0.0217878
451,0.0218166
452,0.0218856
453,0.0218842
454,0.0219468
455,0.0219826
456,0.0219925
457,0.022053
458,0.0220751
459,0.0221681
460,0.0221442
461,0.0222
462,0.0221693
463,0.022202
464,0.0221693
465,0.0221988
466,0.0222343
467,0.0221944
468,0.0221918
469,0.0222134
470,0.0222281
471,0.0222651
472,0.0222256
473,0.0221923
474,0.0221641
475,0.0221529
476,0.0221336
477,0.022097
478,0.0221043
479,0.0221287
480,0.0221391
481,0.0221383
482,0.0221838
483,0.0222291
484,0.0222089
485,0.0222782
486,0.0223378
487,0.0223285
488,0.022355
489,0.0224028
490,0.0224399
491,0.0224719
492,0.022525
493,0.0225284
494,0.0225488
495,0.0225609
496,0.0226545
497,0.0226063
498,0.022644
499,0.0226383
500,0.022695
501,0.0226282
502,0.022624
503,0.0225906
504,0.0225702
505,0.0224963
506,0.0224045
507,0.022361
508,0.0222668
509,0.0221584
510,0.0220409
511,0.0220087
512,0.0218871
513,0.0217906
514,0.0217435
515,0.0217226
516,0.0216368
517,0.0215276
518,0.0214739
519,0.0214622
520,0.0214245
521,0.0213228
522,0.0213223
523,0.0212842
524,0.021231
525,0.0211246
526,0.021133
527,0.0210646
528,0.0210354
529,0.0209149
530,0.0209207
531,0.0208649
532,0.0207691
533,0.0206511
534,0.0206237
535,0.0206392
536,0.0205522
537,0.0204876
538,0.0204261
539,0.0203946
540,0.0202809
541,0.0202904
542,0.0201909
543,0.0200642
544,0.0200245
545,0.0200223
546,0.0198825
547,0.0198223
548,0.0197813
549,0.0197416
550,0.019636
551,0.0195558
552,0.0195039
553,0.01944
554,0.0193879
555,0.0193328
556,0.0193326
557,0.0192583
558,0.0192395
559,0.0191511
560,0.0191715
561,0.0191298
562,0.0191517
563,0.0191129
564,0.01911
565,0.0190784
566,0.0190384
567,0.019047
568,0.0190394
569,0.0190167
570,0.0189969
571,0.0189649
572,0.0189935
573,0.0190383
574,0.0190252
575,0.0190129
576,0.0190026
577,0.0190267
578,0.0190714
579,0.0190458
580,0.0189977
581,0.0190162
582,0.0189982
583,0.018968
584,0.0189811
585,0.018959
586,0.0188956
587,0.0188596
588,0.0188536
589,0.0188308
590,0.0188159
591,0.0187749
592,0.0187271
593,0.0187146
594,0.0186672
595,0.0186759
596,0.0186326
597,0.0186526
598,0.0186625
599,0.0186942
600,0.0186248
601,0.0186379
602,0.0186507
603,0.0187625
604,0.0187886
605,0.018837
606,0.0189009
607,0.0190298
608,0.019066
609,0.0191102
610,0.0192672
611,0.0193418
612,0.019387
613,0.0194674
614,0.019582
615,0.0196314
616,0.0196676
617,0.0197653
618,0.0198498
619,0.0198791
620,0.0198843
621,0.0199239
622,0.0200429
623,0.0200451
624,0.0200911
625,0.02013
626,0.0202349
627,0.0202379
628,0.0202496
629,0.0203381
630,0.0204414
631,0.0204507
632,0.020491
633,0.0205702
634,0.0206759
635,0.020633
636,0.0206306
637,0.0207365
638,0.0208215
639,0.0208677
640,0.0209348
641,0.0210028
642,0.0209989
643,0.0210998
644,0.0211919
645,0.0212144
646,0.0212507
647,0.0213236
648,0.0214497
649,0.0214814
650,0.0215164
651,0.0216141
652,0.0216796
653,0.0217573
654,0.0217807
655,0.0218327
656,0.0218775
657,0.0219173
658,0.021971
659,0.0219951
660,0.0220616
661,0.0220521
662,0.022068
663,0.0220347
664,0.0221202
665,0.0221462
666,0.0221769
667,0.0222058
668,0.0221991
669,0.0221792
670,0.0221935
671,0.0221967
672,0.0222054
673,0.022172
674,0.0221968
675,0.0222072
676,0.0221957
677,0.022188
678,0.022161
679,0.0221685
680,0.0221814
681,0.0221664
682,0.0221458
683,0.0221446
684,0.0221615
685,0.0221615
686,0.0222027
687,0.0222711
688,0.0222409
689,0.0222728
690,0.0223089
691,0.0223804
692,0.0224095
693,0.0224777
694,0.0224586
695,0.0224981
696,0.0224821
697,0.0225402
698,0.0224612
699,0.0225056
700,0.0224969
701,0.0225681
702,0.0225069
703,0.0224668
704,0.0224224
705,0.0223694
706,0.0222772
707,0.0221982
708,0.0221558
709,0.0220807
710,0.0219481
711,0.0218657
712,0.0218275
713,0.021727
714,0.02161
715,0.0215605
716,0.0215462
717,0.0214486
718,0.0213586
719,0.0213188
720,0.0213245
721,0.0212825
722,0.0211684
723,0.0211239
724,0.0210908
725,0.0210245
726,0.0209377
727,0.0209277
728,0.0208675
729,0.0208065
730,0.0206702
731,0.0206809
732,0.0206332
733,0.0205461
734,0.0204364
735,0.0204259
736,0.0204507
737,0.0203594
738,0.0202946
739,0.0202334
740,0.0201995
741,0.0200849
742,0.0201218
743,0.0200321
744,0.0199492
745,0.0199146
746,0.0198956
747,0.0197595
748,0.0196652
749,0.0196293
750,0.01958
751,0.0194846
752,0.0193997
753,0.0193088
754,0.0192785
755,0.0192055
756,0.0191635
757,0.019131
758,0.0190783
759,0.0190552
760,0.0189658
761,0.0189848
762,0.0189286
763,0.0189417
764,0.0188569
765,0.0188403
766,0.0188084
767,0.018757
768,0.0187589
769,0.0187748
770,0.0187652
771,0.0187407
772,0.0187122
773,0.0187201
774,0.0186938
775,0.0186836
776,0.0186747
777,0.0186355
778,0.0186129
779,0.0186182
780,0.0185945
781,0.0185766
782,0.01856
783,0.0185564
784,0.0185376
785,0.0185125
786,0.0184681
787,0.0184211
788,0.0183818
789,0.0183507
790,0.0182916
791,0.0182542
792,0.0182037
793,0.0181661
794,0.0181627
795,0.0181299
796,0.0181009
797,0.0180672
798,0.0180914
799,0.018036
800,0.0180473
801,0.0179645
802,0.017932
803,0.0178803
804,0.0179077
805,0.0178959
806,0.0179133
807,0.0178736
808,0.0178841
809,0.0178735
810,0.0178755
811,0.0178915
812,0.0179045
813,0.0179008
814,0.0178869
815,0.0178692
816,0.0178664
817,0.0178681
818,0.0178828
819,0.0178743
820,0.0178494
821,0.0178254
822,0.0178201
823,0.0178376
824,0.0178389
825,0.0178381
826,0.0178025
827,0.0178046
828,0.0178042
829,0.017779
830,0.0177909
831,0.0177997
832,0.0178
833,0.0178157
834,0.0178249
835,0.017823
836,0.0177603
837,0.0177517
838,0.0177446
839,0.0177521
840,0.0177221
841,0.0177328
842,0.0176845
843,0.0176727
844,0.0176504
845,0.0176539
846,0.017657
847,0.0176566
848,0.0176079
849,0.017621
850,0.0176028
851,0.0176064
852,0.0175988
853,0.0176051
854,0.0176048
855,0.0176067
856,0.0175819
857,0.0175606
858,0.0175736
859,0.0175718
860,0.0175523
861,0.0175501
862,0.0175615
863,0.0175381
864,0.0175365
865,0.0175712
866,0.0175909
867,0.0175998
868,0.017624
869,0.017613
870,0.0176043
871,0.0176094
872,0.0175919
873,0.0175818
874,0.0175952
875,0.0176122
876,0.017609
877,0.0176068
878,0.0176274
879,0.0176156
880,0.0176436
881,0.017625
882,0.0176299
883,0.0176166
884,0.0175701
885,0.0175632
886,0.0175639
887,0.0175295
888,0.0175489
889,0.017511
890,0.0175064
891,0.0174878
892,0.0174976
893,0.0174837
894,0.0174856
895,0.0174619
896,0.017456
897,0.0174303
898,0.017401
899,0.0173674
900,0.0173743
901,0.0173675
902,0.0173772
903,0.0173798
904,0.0173483
905,0.0173467
906,0.0173018
907,0.0173025
908,0.0172953
909,0.0173044
910,0.0172869
911,0.0172618
912,0.0172468
913,0.017242
914,0.0172387
915,0.0172372
916,0.0172354
917,0.0172257
918,0.0172168
919,0.0172195
920,0.0172165
921,0.0172241
922,0.0172049
923,0.0171866
924,0.017149
925,0.0171407
926,0.0171478
927,0.0171573
928,0.01715
929,0.0171516
930,0.0171477
931,0.0171412
932,0.0171385
933,0.0171305
934,0.0171122
935,0.017114
936,0.0171148
937,0.0171068
938,0.0170819
939,0.0170916
940,0.0170886
941,0.0170849
942,0.0170746
943,0.0170744
944,0.0170727
945,0.0170637
946,0.0170422
947,0.0170526
948,0.0170747
949,0.0170417
950,0.0170462
951,0.017013
952,0.0170067
953,0.0169977
954,0.0169902
955,0.0169883
956,0.0169808
957,0.0169847
958,0.0169645
959,0.0169602
960,0.0169763
961,0.0169684
962,0.0169698
963,0.0169663
964,0.0169588
965,0.0169392
966,0.0169117
967,0.0169245
968,0.0169028
969,0.0169031
970,0.0169105
971,0.0169292
972,0.0169347
973,0.0169246
974,0.0169279
975,0.0169089
976,0.0169068
977,0.0169215
978,0.0169034
979,0.0169114
980,0.0168743
981,0.0168828
982,0.0168631
983,0.0168622
984,0.0168645
985,0.0168772
986,0.016862
987,0.0168873
988,0.0168837
989,0.0168734
990,0.0168535
991,0.0168376
992,0.0168224
993,0.0168083
994,0.0168102
995,0.0167923
996,0.0167931
997,0.0167754
998,0.0167717
999,0.0167744
1000,0.0167599
1001,0.0167586
1002,0.0167436
1003,0.016723
1004,0.0167371
1005,0.0167548
1006,0.0167719
1007,0.0167585
1008,0.0167633
1009,0.0167726
1010,0.0167735
1011,0.0167836
1012,0.0167791
1013,0.0168003
1014,0.0168149
1015,0.0168336
1016,0.0168322
1017,0.0168369
1018,0.01682
1019,0.0168183
1020,0.0168314
1021,0.0168427
1022,0.0168548
1023,0.0168631
1024,0.0168832
1025,0.0169055
1026,0.0169185
1027,0.0169209
1028,0.0169259
1029,0.016935
1030,0.0169479
1031,0.0169506
1032,0.0169717
1033,0.0169687
1034,0.0169806
1035,0.0170094
1036,0.0170426
1037,0.0170506
1038,0.0170572
1039,0.0170449
1040,0.0170671
1041,0.0170637
1042,0.0170572
1043,0.0170434
1044,0.0170548
1045,0.0170443
1046,0.0170542
1047,0.017058
1048,0.017047
1049,0.0170608
1050,0.0170561
1051,0.0170698
1052,0.0170735
1053,0.0170887
1054,0.0170811
1055,0.0170835
1056,0.0170839
1057,0.0170814
1058,0.0170827
1059,0.0171068
1060,0.0171113
1061,0.0170907
1062,0.0171029
1063,0.0171191
1064,0.0171126
1065,0.0170907
1066,0.0171061
1067,0.0170915
1068,0.0170941
1069,0.0171372
1070,0.0171381
1071,0.017118
1072,0.0171367
1073,0.0171516
1074,0.0171385
1075,0.0171308
1076,0.017128
1077,0.0171263
1078,0.0171223
1079,0.0171274
1080,0.0171736
1081,0.0172118
1082,0.017206
1083,0.0172347
1084,0.017264
1085,0.0172498
1086,0.0172601
1087,0.0172365
1088,0.0172176
1089,0.0172313
1090,0.0172539
1091,0.0172735
1092,0.0172858
1093,0.0172675
1094,0.017289
1095,0.017318
1096,0.0173468
1097,0.0173579
1098,0.017358
1099,0.0173577
1100,0.0173575
1101,0.0173708
1102,0.0173854
1103,0.0173931
1104,0.0173884
1105,0.0173738
1106,0.017366
1107,0.0173865
1108,0.0174219
1109,0.0174461
1110,0.0174548
1111,0.0174614
1112,0.0174909
1113,0.0175042
1114,0.0175064
1115,0.0174969
1116,0.0175069
1117,0.0175114
1118,0.0175439
1119,0.0176205
1120,0.0176739
1121,0.0176462
1122,0.0177084
1123,0.0177851
1124,0.0177742
1125,0.0178218
1126,0.0179031
1127,0.017927
1128,0.0180098
1129,0.0181336
1130,0.0182175
1131,0.0182108
1132,0.0182743
1133,0.0183736
1134,0.0184968
1135,0.0186155
1136,0.0186664
1137,0.0187766
1138,0.0191587
1139,0.0194683
1140,0.0195281
1141,0.0199549
1142,0.0202514
1143,0.0204378
1144,0.0208377
1145,0.0209405
1146,0.021322
1147,0.0218067
1148,0.021914
1149,0.0223126
1150,0.0228561
1151,0.0230754
1152,0.023245
1153,0.0235491
1154,0.0236733
1155,0.023788
1156,0.0238753
1157,0.0239829
1158,0.0241608
1159,0.024185
1160,0.024275
1161,0.0244049
1162,0.0244664
1163,0.0245483
1164,0.0246642
1165,0.02471
1166,0.0248576
1167,0.0250741
1168,0.0251736
1169,0.0252581
1170,0.0253515
1171,0.0254005
1172,0.0255803
1173,0.0256399
1174,0.0258464
1175,0.026164
1176,0.0262664
1177,0.0264282
1178,0.0266585
1179,0.0266781
1180,0.0267543
1181,0.0267752
1182,0.0268561
1183,0.0269199
1184,0.0269229
1185,0.0269334
1186,0.0269833
1187,0.0270406
1188,0.0271513
1189,0.0272681
1190,0.0272795
1191,0.0273743
1192,0.0275441
1193,0.0276564
1194,0.027716
1195,0.0277939
1196,0.0277622
1197,0.0278771
1198,0.0279525
1199,0.02806
1200,0.0282659
1201,0.0283706
1202,0.0284018
1203,0.0285059
1204,0.0285334
1205,0.028547
1206,0.0285648
1207,0.0286595
1208,0.0287329
1209,0.028732
1210,0.0287774
1211,0.0288916
1212,0.0289603
1213,0.0290581
1214,0.029148
1215,0.029159
1216,0.0292925
1217,0.0295203
1218,0.0296087
1219,0.029528
1220,0.0295212
1221,0.0295356
1222,0.0295104
1223,0.029528
1224,0.0297354
1225,0.0298878
1226,0.0298077
1227,0.0299832
1228,0.0300928
1229,0.0300287
1230,0.0299467
1231,0.0299792
1232,0.0299901
1233,0.0299101
1234,0.0298552
1235,0.0298647
1236,0.0299107
1237,0.0298831
1238,0.0295278
1239,0.029234
1240,0.0292642
1241,0.0289985
1242,0.0288173
1243,0.0286514
1244,0.0283111
1245,0.0282683
1246,0.0278979
1247,0.0273932
1248,0.0273353
1249,0.0270294
1250,0.0265626
1251,0.0263459
1252,0.0262305
1253,0.0259966
1254,0.0259778
1255,0.0259486
1256,0.0259342
1257,0.0258535
1258,0.0257794
1259,0.0259117
1260,0.0259273
1261,0.0258037
1262,0.0257501
1263,0.0257178
1264,0.0256189
1265,0.025624
1266,0.0255312
1267,0.0254139
1268,0.0253308
1269,0.0252697
1270,0.0252317
1271,0.0252679
1272,0.0250688
1273,0.0250977
1274,0.0249703
1275,0.0246536
1276,0.024597
1277,0.0245956
1278,0.0244297
1279,0.0244768
1280,0.0244128
1281,0.024403
1282,0.024435
1283,0.0244507
1284,0.0244744
1285,0.0245193
1286,0.0245408
1287,0.0245093
1288,0.024441
1289,0.0243684
1290,0.0243637
1291,0.0243528
1292,0.0242208
1293,0.0241446
1294,0.0241551
1295,0.024098
1296,0.0241155
1297,0.0240386
1298,0.0239992
1299,0.0239205
1300,0.0237322
1301,0.023719
1302,0.0237728
1303,0.0237704
1304,0.0237449
1305,0.023754
1306,0.0238052
1307,0.0238221
1308,0.0238067
1309,0.023879
1310,0.0238822
1311,0.023826
1312,0.0237881
1313,0.0237484
1314,0.0237393
1315,0.0237862
1316,0.023722
1317,0.0235571
1318,0.0235205
1319,0.0237024
1320,0.0238436
1321,0.0239028
1322,0.0238725
1323,0.0239449
1324,0.0238422
1325,0.0237093
1326,0.0239006
1327,0.0237849
1328,0.0237047
1329,0.0238338
1330,0.0240376
1331,0.0241679
1332,0.0242259
1333,0.0243118
1334,0.0244035
1335,0.0244537
1336,0.0245469
1337,0.0245474
1338,0.0248112
1339,0.0251941
1340,0.0254935
1341,0.0254488
1342,0.0258964
1343,0.026199
1344,0.0265208
1345,0.0269212
1346,0.027064
1347,0.0275533
1348,0.0280867
1349,0.0281202
1350,0.0285764
1351,0.0291451
1352,0.029363
1353,0.0295508
1354,0.0298453
1355,0.0299357
1356,0.0300619
1357,0.0301289
1358,0.0301215
1359,0.0301838
1360,0.0302003
1361,0.0303291
1362,0.0305237
1363,0.0305674
1364,0.0306408
1365,0.0307553
1366,0.0308206
1367,0.0308946
1368,0.0311929
1369,0.0313077
1370,0.0314069
1371,0.0315071
1372,0.0316015
1373,0.0316962
1374,0.0317427
1375,0.032053
1376,0.0323401
1377,0.0323602
1378,0.0324879
1379,0.0326445
1380,0.0326322
1381,0.0326885
1382,0.0326712
1383,0.0326562
1384,0.0327448
1385,0.0327575
1386,0.0327073
1387,0.0327394
1388,0.0327979
1389,0.0328515
1390,0.0329867
1391,0.0329168
1392,0.0329908
1393,0.0331505
1394,0.0331958
1395,0.0332328
1396,0.0333428
1397,0.0332978
1398,0.0334168
1399,0.0334567
1400,0.0335861
1401,0.0337201
1402,0.0338155
1403,0.0337637
1404,0.0338879
1405,0.0339238
1406,0.0338813
1407,0.0337578
1408,0.0337578
1409,0.0337799
1410,0.0337458
1411,0.0337257
1412,0.0338282
1413,0.0338946
1414,0.0339315
1415,0.0339629
1416,0.0339233
1417,0.0339993
1418,0.0341512
1419,0.0341086
1420,0.033902
1421,0.0338877
1422,0.0338944
1423,0.0337878
1424,0.0337666
1425,0.0339183
1426,0.0339388
1427,0.0338556
1428,0.0339367
1429,0.0339341
1430,0.0337768
1431,0.0336505
1432,0.0335228
1433,0.0334915
1434,0.0333407
1435,0.0332141
1436,0.0331888
1437,0.0332172
1438,0.0330211
1439,0.0326269
1440,0.032276
1441,0.0322754
1442,0.0318972
1443,0.0317061
1444,0.0313409
1445,0.0309561
1446,0.0308542
1447,0.0303864
1448,0.0298287
1449,0.0297599
1450,0.0293148
1451,0.0287974
1452,0.0285188
1453,0.0282999
1454,0.0279748
1455,0.0279234
1456,0.0278213
1457,0.0278337
1458,0.027764
1459,0.0276669
1460,0.0276959
1461,0.0276986
1462,0.0274769
1463,0.0274078
1464,0.0273888
1465,0.0272422
1466,0.0271751
1467,0.0270903
1468,0.0268868
1469,0.026741
1470,0.0266228
1471,0.0264898
1472,0.0264833
1473,0.0263012
1474,0.0262828
1475,0.0260432
1476,0.0257112
1477,0.0255723
1478,0.0255528
1479,0.0253839
1480,0.0254388
1481,0.0253922
1482,0.0253257
1483,0.0253286
1484,0.0253276
1485,0.0253078
1486,0.0253244
1487,0.0253315
1488,0.0252628
1489,0.0251983
1490,0.0250985
1491,0.0250866
1492,0.0250945
1493,0.0249349
1494,0.0248174
1495,0.0248367
1496,0.0247528
1497,0.0247439
1498,0.0246474
1499,0.0246077
1500,0.0245015
1501,0.0242806
1502,0.0242188
1503,0.0242563
1504,0.0242223
1505,0.0241578
1506,0.024168
1507,0.0242259
1508,0.0242592
1509,0.0242136
1510,0.0242694
1511,0.0242574
1512,0.0241557
1513,0.0240583
1514,0.023977
1515,0.023955
1516,0.023966
1517,0.0239107
1518,0.0237302
1519,0.0236746
1520,0.0238497
1521,0.0239276
1522,0.0239036
1523,0.0238706
1524,0.0238722
1525,0.0236814
1526,0.0235279
1527,0.0236728
1528,0.0234726
1529,0.0233915
1530,0.0234513
1531,0.0235287
1532,0.023587
1533,0.0236517
1534,0.0236883
1535,0.0236944
1536,0.0235854
1537,0.0235413
1538,0.0234756
1539,0.0236161
1540,0.0235904
1541,0.0235568
1542,0.0234344
1543,0.0234234
1544,0.0234217
1545,0.0235693
1546,0.0235707
1547,0.0236212
1548,0.023706
1549,0.0237186
1550,0.0236644
1551,0.0237512
1552,0.0237867
1553,0.0237735
1554,0.0238073
1555,0.0237525
1556,0.0237115
1557,0.0236926
1558,0.0236821
1559,0.0235417
1560,0.0234232
1561,0.0233737
1562,0.0234154
1563,0.0234809
1564,0.0234365
1565,0.0234234
1566,0.0234026
1567,0.0234217
1568,0.0233195
1569,0.0233924
1570,0.0234213
1571,0.0234398
1572,0.0234288
1573,0.0234741
1574,0.0233756
1575,0.0233845
1576,0.0234731
1577,0.0234715
1578,0.0233894
1579,0.0233427
1580,0.0232568
1581,0.0232054
1582,0.0231864
1583,0.0231153
1584,0.0230217
1585,0.0229945
1586,0.0230193
1587,0.0229528
1588,0.0229322
1589,0.0229278
1590,0.0228697
1591,0.022878
1592,0.0227391
1593,0.0227156
1594,0.0227143
1595,0.0226596
1596,0.0226258
1597,0.0226573
1598,0.0225994
1599,0.0225953
1600,0.02255
1601,0.0226035
1602,0.0224986
1603,0.0224894
1604,0.0223997
1605,0.0224368
1606,0.0224324
1607,0.0224048
1608,0.0222739
1609,0.0221938
1610,0.0221512
1611,0.0221223
1612,0.0221009
1613,0.022103
1614,0.0221067
1615,0.0220415
1616,0.0219886
1617,0.0219476
1618,0.0219192
1619,0.0218496
1620,0.0217059
1621,0.021595
1622,0.02164
1623,0.0216373
1624,0.0215863
1625,0.0215768
1626,0.0215642
1627,0.0214602
1628,0.021475
1629,0.0213705
1630,0.0213023
1631,0.0212073
1632,0.0211668
1633,0.0210406
1634,0.0210385
1635,0.0209595
1636,0.0208909
1637,0.0208667
1638,0.0208908
1639,0.0207542
1640,0.0207391
1641,0.0206768
1642,0.0206486
1643,0.0205575
1644,0.020581
1645,0.0203657
1646,0.0203175
1647,0.0202978
1648,0.020225
1649,0.0201839
1650,0.0201823
1651,0.020114
1652,0.0201553
1653,0.0201458
1654,0.0200726
1655,0.020094
1656,0.0201812
1657,0.0201313
1658,0.0202069
1659,0.0203507
1660,0.0204082
1661,0.0203639
1662,0.0204536
1663,0.0204813
1664,0.0205198
1665,0.0205562
1666,0.0205948
1667,0.0206
1668,0.020659
1669,0.0205992
1670,0.0205735
1671,0.0206213
1672,0.0205622
1673,0.0205775
1674,0.0206415
1675,0.0207039
1676,0.0206266
1677,0.0206398
1678,0.0206249
1679,0.0207046
1680,0.0207206
1681,0.0207666
1682,0.0208722
1683,0.0209602
1684,0.0209502
1685,0.0209441
1686,0.0210004
1687,0.0210858
1688,0.0211446
1689,0.0211641
1690,0.0212665
1691,0.0212614
1692,0.0213922
1693,0.0215286
1694,0.0215651
1695,0.0215559
1696,0.0216857
1697,0.0217763
1698,0.0218331
1699,0.0218672
1700,0.0219986
1701,0.0220254
1702,0.022089
1703,0.0220875
1704,0.0221542
1705,0.0221909
1706,0.0221983
1707,0.0222529
1708,0.0222855
1709,0.0223703
1710,0.0223515
1711,0.022404
1712,0.0223699
1713,0.0223906
1714,0.0223539
1715,0.0223755
1716,0.0224105
1717,0.0223675
1718,0.0223535
1719,0.0223694
1720,0.0223826
1721,0.0224217
1722,0.0223808
1723,0.0223537
1724,0.0223225
1725,0.0222976
1726,0.0222709
1727,0.0222426
1728,0.0222472
1729,0.0222724
1730,0.0222858
1731,0.0222786
1732,0.0223068
1733,0.0223439
1734,0.0223312
1735,0.022391
1736,0.0224524
1737,0.0224365
1738,0.022455
1739,0.0225027
1740,0.0225457
1741,0.0225687
1742,0.0226246
1743,0.0226221
1744,0.0226335
1745,0.0226392
1746,0.0227279
1747,0.0226856
1748,0.0227287
1749,0.0227084
1750,0.0227519
1751,0.0226864
1752,0.0226907
1753,0.022662
1754,0.0226508
1755,0.0225838
1756,0.0224804
1757,0.0224396
1758,0.022327
1759,0.022216
1760,0.022114
1761,0.022082
1762,0.0219539
1763,0.0218538
1764,0.021806
1765,0.0217803
1766,0.0216893
1767,0.0215848
1768,0.0215321
1769,0.0215032
1770,0.0214603
1771,0.0213617
1772,0.0213604
1773,0.0213249
1774,0.0212745
1775,0.0211692
1776,0.021168
1777,0.0211022
1778,0.0210733
1779,0.0209692
1780,0.020965
1781,0.0209061
1782,0.0208059
1783,0.0206838
1784,0.0206576
1785,0.0206892
1786,0.0205905
1787,0.0205242
1788,0.0204546
1789,0.0204197
1790,0.0203106
1791,0.0203219
1792,0.0202178
1793,0.020085
1794,0.0200469
1795,0.0200428
1796,0.0199044
1797,0.0198495
1798,0.0198071
1799,0.0197533
1800,0.0196485
1801,0.019568
1802,0.0195174
1803,0.0194522
1804,0.0193934
1805,0.0193438
1806,0.0193426
1807,0.0192742
1808,0.0192606
1809,0.0191685
1810,0.0191927
1811,0.0191528
1812,0.0191733
1813,0.0191353
1814,0.0191419
1815,0.0191104
1816,0.019073
1817,0.0190867
1818,0.0190835
1819,0.0190717
1820,0.0190432
1821,0.0190108
1822,0.0190458
1823,0.01909
1824,0.0190727
1825,0.0190654
1826,0.0190633
1827,0.0190903
1828,0.0191356
1829,0.0191147
1830,0.0190602
1831,0.0190769
1832,0.0190681
1833,0.0190526
1834,0.0190582
1835,0.0190402
1836,0.0189789
1837,0.018937
1838,0.0189364
1839,0.0189183
1840,0.0189026
1841,0.0188623
1842,0.0188204
1843,0.0188047
1844,0.0187687
1845,0.0187856
1846,0.0187394
1847,0.0187656
1848,0.0187624
1849,0.018802
1850,0.0187451
1851,0.0187587
1852,0.0187814
1853,0.01888
1854,0.0189113
1855,0.0189597
1856,0.0190248
1857,0.0191571
1858,0.0192006
1859,0.0192526
1860,0.0194018
1861,0.0194769
1862,0.0195224
1863,0.0196029
1864,0.0197156
1865,0.0197631
1866,0.0197998
1867,0.0199003
1868,0.0199807
1869,0.0200207
1870,0.0200327
1871,0.0200739
1872,0.0201912
1873,0.0201979
1874,0.0202393
1875,0.0202687
1876,0.0203845
1877,0.0204001
1878,0.0204125
1879,0.020485
1880,0.0205889
1881,0.0206012
1882,0.0206426
1883,0.0207341
1884,0.0208409
1885,0.0207979
1886,0.0208003
1887,0.0209014
1888,0.0209971
1889,0.0210375
1890,0.0211057
1891,0.0211693
1892,0.021174
1893,0.0212787
1894,0.0213685
1895,0.0213987
1896,0.0214357
1897,0.0215073
1898,0.0216343
1899,0.0216653
1900,0.0217056
1901,0.0218004
1902,0.0218706
1903,0.0219411
1904,0.0219677
1905,0.0220145
1906,0.0220592
1907,0.0220955
1908,0.0221455
1909,0.0221761
1910,0.022235
1911,0.0222259
1912,0.0222435
1913,0.0222122
1914,0.0222922
1915,0.0223122
1916,0.0223453
1917,0.0223678
1918,0.0223578
1919,0.0223371
1920,0.0223583
1921,0.0223634
1922,0.0223619
1923,0.0223319
1924,0.0223656
1925,0.0223732
1926,0.0223561
1927,0.0223422
1928,0.022313
1929,0.0223089
1930,0.02233
1931,0.0223296
1932,0.0222933
1933,0.0222902
1934,0.0223129
1935,0.0223169
1936,0.0223536
1937,0.0224347
1938,0.0224094
1939,0.022431
1940,0.0224598
1941,0.0225324
1942,0.0225422
1943,0.0226116
1944,0.0225905
1945,0.0226237
1946,0.0226049
1947,0.0226574
1948,0.0225835
1949,0.02263
1950,0.0226212
1951,0.0226828
1952,0.0226108
1953,0.0225895
1954,0.0225355
1955,0.022483
1956,0.0223925
1957,0.0223147
1958,0.0222765
1959,0.0221815
1960,0.0220517
1961,0.0219747
1962,0.0219365
1963,0.0218335
1964,0.0217151
1965,0.0216705
1966,0.0216587
1967,0.0215502
1968,0.0214547
1969,0.0214074
1970,0.0214071
1971,0.0213621
1972,0.0212486
1973,0.0211967
1974,0.0211698
1975,0.0211223
1976,0.0210251
1977,0.0210097
1978,0.0209477
1979,0.0208908
1980,0.020768
1981,0.020765
1982,0.0207105
1983,0.0206209
1984,0.0205083
1985,0.0204905
1986,0.0205222
1987,0.0204361
1988,0.0203705
1989,0.0203087
1990,0.0202715
1991,0.0201642
1992,0.0201964
1993,0.0201068
1994,0.0200236
1995,0.0199868
1996,0.0199569
1997,0.0198151
1998,0.0197288
1999,0.0197045
2000,0.0196491
2001,0.0195524
2002,0.0194649
2003,0.0193747
2004,0.0193485
2005,0.0192702
2006,0.0192302
2007,0.0191949
2008,0.0191463
2009,0.0191192
2010,0.0190294
2011,0.0190552
2012,0.0189985
2013,0.019004
2014,0.0189201
2015,0.0189089
2016,0.0188794
2017,0.018829
2018,0.0188324
2019,0.0188438
2020,0.0188325
2021,0.0188079
2022,0.0187837
2023,0.01879
2024,0.0187644
2025,0.0187523
2026,0.0187447
2027,0.0187132
2028,0.018687
2029,0.0187076
2030,0.0186853
2031,0.0186576
2032,0.0186401
2033,0.0186386
2034,0.0186142
2035,0.0185835
2036,0.018539
2037,0.0184788
2038,0.0184316
2039,0.0184003
2040,0.0183575
2041,0.0183211
2042,0.0182736
2043,0.0182386
2044,0.0182375
2045,0.0181995
2046,0.0181726
2047,0.0181373
2048,0.0181582
2049,0.0180897
2050,0.018097
2051,0.0180184
2052,0.0179862
2053,0.0179277
2054,0.0179537
2055,0.0179419
2056,0.0179583
2057,0.0179134
2058,0.0179265
2059,0.0179313
2060,0.0179268
2061,0.0179345
2062,0.017955
2063,0.0179494
2064,0.0179346
2065,0.0179115
2066,0.0179081
2067,0.017912
2068,0.0179383
2069,0.0179366
2070,0.0179147
2071,0.0178903
2072,0.0178842
2073,0.0179002
2074,0.0179036
2075,0.0178867
2076,0.0178467
2077,0.0178567
2078,0.0178672
2079,0.0178394
2080,0.0178345
2081,0.0178509
2082,0.0178541
2083,0.0178643
2084,0.0178717
2085,0.0178746
2086,0.0178119
2087,0.0178068
2088,0.0177894
2089,0.0177998
2090,0.0177599
2091,0.0177737
2092,0.0177102
2093,0.0177028
2094,0.0176854
2095,0.0176842
2096,0.0176905
2097,0.0177011
2098,0.0176426
2099,0.017652
2100,0.0176289
2101,0.0176352
2102,0.0176219
2103,0.0176345
2104,0.0176259
2105,0.0176298
2106,0.0175985
2107,0.0175812
2108,0.0175851
2109,0.0175849
2110,0.0175694
2111,0.0175599
2112,0.0175652
2113,0.0175466
2114,0.0175444
2115,0.0175737
2116,0.0175825
2117,0.0175962
2118,0.0176175
2119,0.0176081
2120,0.0175997
2121,0.0176084
2122,0.0175906
2123,0.0175746
2124,0.0175823
2125,0.0176088
2126,0.0176042
2127,0.0175966
2128,0.0176137
2129,0.0175984
2130,0.0176086
2131,0.0175975
2132,0.0176132
2133,0.0175874
2134,0.0175486
2135,0.017551
2136,0.0175526
2137,0.0175225
2138,0.017549
2139,0.0175179
2140,0.0175043
2141,0.0174782
2142,0.0174883
2143,0.017466
2144,0.0174593
2145,0.0174405
2146,0.0174348
2147,0.0174061
2148,0.0173789
2149,0.0173514
2150,0.017364
2151,0.0173606
2152,0.017367
2153,0.0173591
2154,0.017342
2155,0.0173286
2156,0.0172813
2157,0.0172822
2158,0.0172846
2159,0.0172879
2160,0.0172652
2161,0.0172492
2162,0.01723
2163,0.0172291
2164,0.0172249
2165,0.0172214
2166,0.0172121
2167,0.0172041
2168,0.0171806
2169,0.0171755
2170,0.0171653
2171,0.0171696
2172,0.017154
2173,0.0171375
2174,0.017096
2175,0.0170938
2176,0.0171081
2177,0.0171061
2178,0.017094
2179,0.0171028
2180,0.0171031
2181,0.0170936
2182,0.0170868
2183,0.0170766
2184,0.0170551
2185,0.0170507
2186,0.0170446
2187,0.0170303
2188,0.0170192
2189,0.0170306
2190,0.0170379
2191,0.0170272
2192,0.0170234
2193,0.0170188
2194,0.0170127
2195,0.0170108
2196,0.0169994
2197,0.0169994
2198,0.0170139
2199,0.0169821
2200,0.0169977
2201,0.0169682
2202,0.0169615
2203,0.0169501
2204,0.0169412
2205,0.0169441
2206,0.0169387
2207,0.0169437
2208,0.0169241
2209,0.0169181
2210,0.01692
2211,0.0169112
2212,0.0169211
2213,0.0169115
2214,0.0169015
2215,0.0168836
2216,0.0168603
2217,0.0168684
2218,0.0168517
2219,0.0168474
2220,0.0168471
2221,0.0168608
2222,0.0168684
2223,0.0168625
2224,0.0168643
2225,0.016847
2226,0.0168451
2227,0.0168652
2228,0.0168533
2229,0.016854
2230,0.0168253
2231,0.0168358
2232,0.0168137
2233,0.0168207
2234,0.0168163
2235,0.0168116
2236,0.0167974
2237,0.0168142
2238,0.0167956
2239,0.0167898
2240,0.0167725
2241,0.0167624
2242,0.01675
2243,0.0167382
2244,0.0167418
2245,0.0167306
2246,0.0167276
2247,0.0167099
2248,0.0167039
2249,0.0167036
2250,0.0166822
2251,0.0166816
2252,0.0166703
2253,0.0166524
2254,0.0166582
2255,0.0166874
2256,0.0167084
2257,0.01669
2258,0.0166851
2259,0.0166969
2260,0.0167087
2261,0.0167128
2262,0.0167078
2263,0.0167308
2264,0.016747
2265,0.0167689
2266,0.0167727
2267,0.0167808
2268,0.0167673
2269,0.0167683
2270,0.0167867
2271,0.0168049
2272,0.016818
2273,0.016822
2274,0.0168406
2275,0.0168664
2276,0.0168708
2277,0.016871
2278,0.0168774
2279,0.0168871
2280,0.0169025
2281,0.0169045
2282,0.0169261
2283,0.0169224
2284,0.0169364
2285,0.0169639
2286,0.0170076
2287,0.0170139
2288,0.0170205
2289,0.0170029
2290,0.0170172
2291,0.0170113
2292,0.0170159
2293,0.0169983
2294,0.0170087
2295,0.0170023
2296,0.0170054
2297,0.0170115
2298,0.0170071
2299,0.0170237
2300,0.0170113
2301,0.0170252
2302,0.0170338
2303,0.0170453
2304,0.0170414
2305,0.017048
2306,0.0170497
2307,0.0170474
2308,0.0170576
2309,0.0170839
2310,0.0170949
2311,0.0170736
2312,0.0170855
2313,0.0171036
2314,0.0170992
2315,0.0170785
2316,0.017092
2317,0.0170781
2318,0.0170793
2319,0.0171246
2320,0.0171387
2321,0.017121
2322,0.0171399
2323,0.0171602
2324,0.01715
2325,0.0171376
2326,0.0171405
2327,0.0171382
2328,0.0171317
2329,0.017139
2330,0.0171871
2331,0.0172193
2332,0.0172147
2333,0.0172357
2334,0.0172607
2335,0.0172553
2336,0.0172685
2337,0.0172562
2338,0.0172468
2339,0.0172513
2340,0.0172759
2341,0.0172953
2342,0.0173106
2343,0.0172956
2344,0.0173158
2345,0.0173393
2346,0.0173697
2347,0.017379
2348,0.0173807
2349,0.0173807
2350,0.0173817
2351,0.0173929
2352,0.0174039
2353,0.0174136
2354,0.0174032
2355,0.0173881
2356,0.0173738
2357,0.0173975
2358,0.0174304
2359,0.0174539
2360,0.0174595
2361,0.0174621
2362,0.0174911
2363,0.0175035
2364,0.0175071
2365,0.0174967
2366,0.017506
2367,0.0175067
2368,0.017535
2369,0.0176053
2370,0.0176591
2371,0.0176256
2372,0.0176809
2373,0.0177572
2374,0.017746
2375,0.0177909
2376,0.017876
2377,0.0179005
2378,0.0179818
2379,0.0181018
2380,0.0181906
2381,0.0181867
2382,0.0182449
2383,0.0183444
2384,0.0184705
2385,0.018586
2386,0.0186277
2387,0.018741
2388,0.019114
2389,0.0194298
2390,0.0194902
2391,0.0199215
2392,0.0202123
2393,0.0203939
2394,0.0207879
2395,0.0208821
2396,0.0212628
2397,0.021751
2398,0.0218626
2399,0.0222481
2400,0.0227905
2401,0.0230134
2402,0.0231789
2403,0.0234866
2404,0.023615
2405,0.0237194
2406,0.0238096
2407,0.0239153
2408,0.0240882
2409,0.0241146
2410,0.0242001
2411,0.0243295
2412,0.0243867
2413,0.0244721
2414,0.0245784
2415,0.0246296
2416,0.0247785
2417,0.0249904
2418,0.0250926
2419,0.0251773
2420,0.0252642
2421,0.0253016
2422,0.0254808
2423,0.0255373
2424,0.0257403
2425,0.0260613
2426,0.0261639
2427,0.0263209
2428,0.0265618
2429,0.0265818
2430,0.0266547
2431,0.0266757
2432,0.0267617
2433,0.0268322
2434,0.0268444
2435,0.0268543
2436,0.0268981
2437,0.0269529
2438,0.0270603
2439,0.0271717
2440,0.0271908
2441,0.0272918
2442,0.0274532
2443,0.0275703
2444,0.027639
2445,0.0277116
2446,0.0276792
2447,0.0278011
2448,0.0278709
2449,0.0279701
2450,0.028178
2451,0.0282819
2452,0.0283124
2453,0.028419
2454,0.0284457
2455,0.0284521
2456,0.0284777
2457,0.0285713
2458,0.0286423
2459,0.0286374
2460,0.0286804
2461,0.0288016
2462,0.0288708
2463,0.028972
2464,0.0290608
2465,0.0290731
2466,0.0292131
2467,0.0294419
2468,0.0295373
2469,0.0294581
2470,0.0294525
2471,0.0294679
2472,0.0294463
2473,0.0294664
2474,0.0296744
2475,0.0298265
2476,0.0297475
2477,0.0299222
2478,0.0300327
2479,0.0299697
2480,0.0298856
2481,0.029914
2482,0.0299364
2483,0.0298517
2484,0.0297939
2485,0.0298076
2486,0.029856
2487,0.0298335
2488,0.0294833
2489,0.0291908
2490,0.0292259
2491,0.0289628
2492,0.0287814
2493,0.0286281
2494,0.0283002
2495,0.028258
2496,0.027893
2497,0.0273893
2498,0.0273257
2499,0.0270297
2500,0.0265719
2501,0.0263457
2502,0.0262416
2503,0.0260106
2504,0.0259906
2505,0.025966
2506,0.0259474
2507,0.0258671
2508,0.025798
2509,0.025935
2510,0.025963
2511,0.0258426
2512,0.0257957
2513,0.0257627
2514,0.0256727
2515,0.0256688
2516,0.0255788
2517,0.0254646
2518,0.0253836
2519,0.0253209
2520,0.025283
2521,0.0253379
2522,0.0251432
2523,0.0251716
2524,0.0250479
2525,0.0247249
2526,0.024668
2527,0.0246654
2528,0.0244929
2529,0.0245388
2530,0.0244713
2531,0.0244587
2532,0.0244875
2533,0.0245041
2534,0.0245203
2535,0.0245663
2536,0.0245932
2537,0.0245659
2538,0.0245049
2539,0.0244408
2540,0.0244215
2541,0.0244064
2542,0.0242805
2543,0.0241929
2544,0.0242026
2545,0.024147
2546,0.0241665
2547,0.0240847
2548,0.0240491
2549,0.023975
2550,0.023783
2551,0.0237676
2552,0.0238201
2553,0.0238132
2554,0.0237946
2555,0.0238054
2556,0.0238547
2557,0.0238724
2558,0.0238654
2559,0.0239406
2560,0.0239427
2561,0.0238841
2562,0.0238495
2563,0.0238042
2564,0.0237959
2565,0.0238445
2566,0.0237743
2567,0.0236082
2568,0.023573
2569,0.0237584
2570,0.0238948
2571,0.0239526
2572,0.0239177
2573,0.0239909
2574,0.0238854
2575,0.0237535
2576,0.0239438
2577,0.0238259
2578,0.0237377
2579,0.0238655
2580,0.0240664
2581,0.0242023
2582,0.0242556
2583,0.0243458
2584,0.0244441
2585,0.0244987
2586,0.0245876
2587,0.0245847
2588,0.0248465
2589,0.0252233
2590,0.0255205
2591,0.0254702
2592,0.0259181
2593,0.0262084
2594,0.0265253
2595,0.0269242
2596,0.0270691
2597,0.0275509
2598,0.0280849
2599,0.0281208
2600,0.0285696
2601,0.029138
2602,0.0293528
2603,0.0295336
2604,0.0298282
2605,0.0299291
2606,0.0300498
2607,0.0301167
2608,0.0301014
2609,0.0301589
2610,0.0301673
2611,0.0302935
2612,0.0304871
2613,0.0305243
2614,0.0305972
2615,0.0307103
2616,0.0307832
2617,0.0308582
2618,0.0311463
2619,0.031264
2620,0.0313567
2621,0.0314353
2622,0.0315282
2623,0.0316205
2624,0.0316728
2625,0.0319795
2626,0.0322691
2627,0.0322936
2628,0.0324146
2629,0.0325774
2630,0.0325762
2631,0.0326274
2632,0.032622
2633,0.0326077
2634,0.0326978
2635,0.0327145
2636,0.0326599
2637,0.0326845
2638,0.0327444
2639,0.0327957
2640,0.0329385
2641,0.0328719
2642,0.0329433
2643,0.0331014
2644,0.0331476
2645,0.0331887
2646,0.0332887
2647,0.0332375
2648,0.0333618
2649,0.0333982
2650,0.0335184
2651,0.0336579
2652,0.0337559
2653,0.0337014
2654,0.0338249
2655,0.0338582
2656,0.0338091
2657,0.0336897
2658,0.0336779
2659,0.0337024
2660,0.0336662
2661,0.0336433
2662,0.033736
2663,0.0338077
2664,0.0338439
2665,0.0338734
2666,0.0338339
2667,0.0339155
2668,0.034062
2669,0.0340174
2670,0.0338139
2671,0.033811
2672,0.0338212
2673,0.0337112
2674,0.0336877
2675,0.0338413
2676,0.0338651
2677,0.0337816
2678,0.0338635
2679,0.033865
2680,0.0337058
2681,0.0335749
2682,0.0334456
2683,0.0334176
2684,0.033255
2685,0.0331243
2686,0.033097
2687,0.0331192
2688,0.0329214
2689,0.032533
2690,0.0321743
2691,0.0321763
2692,0.0318048
2693,0.031615
2694,0.0312472
2695,0.0308667
2696,0.0307606
2697,0.030298
2698,0.0297362
2699,0.0296599
2700,0.029221
2701,0.0287116
2702,0.0284267
2703,0.0282195
2704,0.0278993
2705,0.0278379
2706,0.0277358
2707,0.0277481
2708,0.0276756
2709,0.0275774
2710,0.0276151
2711,0.027622
2712,0.0273977
2713,0.0273328
2714,0.0273125
2715,0.0271671
2716,0.0270842
2717,0.0270022
2718,0.0267991
2719,0.026655
2720,0.0265415
2721,0.0264272
2722,0.0264133
2723,0.0262312
2724,0.0262031
2725,0.0259619
2726,0.0256241
2727,0.0254908
2728,0.0254651
2729,0.0252874
2730,0.0253314
2731,0.0252811
2732,0.0252042
2733,0.0251999
2734,0.0252007
2735,0.0251765
2736,0.0251985
2737,0.0252094
2738,0.0251361
2739,0.0250775
2740,0.0249806
2741,0.0249606
2742,0.0249669
2743,0.0248142
2744,0.0246862
2745,0.024701
2746,0.02463
2747,0.0246246
2748,0.0245189
2749,0.0244861
2750,0.0243854
2751,0.0241608
2752,0.0240991
2753,0.0241341
2754,0.0240933
2755,0.0240342
2756,0.0240421
2757,0.0240904
2758,0.0241335
2759,0.0240898
2760,0.0241493
2761,0.0241424
2762,0.0240477
2763,0.0239552
2764,0.023873
2765,0.023855
2766,0.0238646
2767,0.0238081
2768,0.0236333
2769,0.0235808
2770,0.0237587
2771,0.0238326
2772,0.0238042
2773,0.0237716
2774,0.0237812
2775,0.0235899
2776,0.0234338
2777,0.0235797
2778,0.0233845
2779,0.0232978
2780,0.0233587
2781,0.0234344
2782,0.0235022
2783,0.0235632
2784,0.0236088
2785,0.0236165
2786,0.0235156
2787,0.0234739
2788,0.0234095
2789,0.023546
2790,0.0235287
2791,0.0234927
2792,0.0233581
2793,0.0233563
2794,0.0233472
2795,0.0234936
2796,0.0234934
2797,0.0235485
2798,0.0236397
2799,0.0236582
2800,0.0236054
2801,0.0236922
2802,0.0237279
2803,0.0237092
2804,0.0237386
2805,0.0236822
2806,0.0236531
2807,0.0236332
2808,0.0236245
2809,0.0234805
2810,0.0233569
2811,0.0232935
2812,0.0233386
2813,0.0234061
2814,0.023356
2815,0.0233446
2816,0.0233319
2817,0.0233458
2818,0.0232501
2819,0.0233182
2820,0.0233407
2821,0.0233479
2822,0.0233287
2823,0.0233874
2824,0.0232881
2825,0.0233096
2826,0.0233993
2827,0.0233957
2828,0.0233193
2829,0.023277
2830,0.0231948
2831,0.0231572
2832,0.0231345
2833,0.0230793
2834,0.0229862
2835,0.0229635
2836,0.0229838
2837,0.0229164
2838,0.0228862
2839,0.0228815
2840,0.0228119
2841,0.0228324
2842,0.022698
2843,0.0226687
2844,0.0226712
2845,0.02262
2846,0.0225851
2847,0.0226165
2848,0.0225635
2849,0.0225591
2850,0.0225175
2851,0.0225685
2852,0.0224648
2853,0.0224634
2854,0.0223788
2855,0.0224179
2856,0.0224189
2857,0.0223982
2858,0.0222682
2859,0.0221798
2860,0.0221391
2861,0.0221007
2862,0.0220775
2863,0.0220619
2864,0.0220759
2865,0.0220006
2866,0.0219493
2867,0.0219029
2868,0.021867
2869,0.0217953
2870,0.0216442
2871,0.0215289
2872,0.0215831
2873,0.0215826
2874,0.0215276
2875,0.0215118
2876,0.0215029
2877,0.0214042
2878,0.0214117
2879,0.0213017
2880,0.0212354
2881,0.0211425
2882,0.0210884
2883,0.0209674
2884,0.0209607
2885,0.0208768
2886,0.0208105
2887,0.0207821
2888,0.0208045
2889,0.0206731
2890,0.0206584
2891,0.0205919
2892,0.0205718
2893,0.020473
2894,0.0204943
2895,0.020275
2896,0.0202198
2897,0.0201939
2898,0.0201165
2899,0.0200588
2900,0.0200489
2901,0.0199706
2902,0.0200148
2903,0.0199976
2904,0.0199194
2905,0.0199404
2906,0.0200102
2907,0.0199534
2908,0.0200289
2909,0.0201629
2910,0.0202188
2911,0.0201827
2912,0.0202665
2913,0.0202837
2914,0.0203157
2915,0.0203558
2916,0.0203889
2917,0.0203984
2918,0.0204577
2919,0.020397
2920,0.0203751
2921,0.0204307
2922,0.0203815
2923,0.0203794
2924,0.020451
2925,0.0205057
2926,0.0204239
2927,0.0204259
2928,0.0204227
2929,0.0205007
2930,0.0205174
2931,0.0205565
2932,0.0206581
2933,0.0207407
2934,0.0207209
2935,0.0207165
2936,0.0207662
2937,0.0208517
2938,0.0209197
2939,0.0209345
2940,0.0210441
2941,0.0210369
2942,0.0211673
2943,0.0213018
2944,0.0213422
2945,0.0213301
2946,0.0214562
2947,0.0215516
2948,0.0216086
2949,0.0216372
2950,0.0217695
2951,0.0217977
2952,0.0218609
2953,0.0218567
2954,0.0219194
2955,0.0219482
2956,0.02196
2957,0.0220126
2958,0.0220377
2959,0.0221285
2960,0.0221024
2961,0.0221623
2962,0.0221317
2963,0.0221656
2964,0.0221254
2965,0.0221547
2966,0.0221917
2967,0.0221525
2968,0.0221435
2969,0.0221656
2970,0.0221844
2971,0.022224
2972,0.02218
2973,0.0221488
2974,0.0221276
2975,0.0221099
2976,0.0220811
2977,0.0220481
2978,0.0220566
2979,0.0220904
2980,0.0221012
2981,0.0220973
2982,0.0221298
2983,0.0221714
2984,0.0221564
2985,0.0222202
2986,0.0222718
2987,0.0222607
2988,0.022283
2989,0.0223263
2990,0.022368
2991,0.0224038
2992,0.0224506
2993,0.0224502
2994,0.0224738
2995,0.0224838
2996,0.0225755
2997,0.0225306
2998,0.0225735
2999,0.0225674
3000,0.0226216
3001,0.0225653
3002,0.0225714
3003,0.022548
3004,0.0225386
3005,0.0224772
3006,0.0223855
3007,0.022351
3008,0.0222466
3009,0.0221477
3010,0.0220426
3011,0.0220113
3012,0.0218798
3013,0.0217892
3014,0.0217523
3015,0.0217235
3016,0.0216336
3017,0.0215295
3018,0.0214631
3019,0.021444
3020,0.0214016
3021,0.0212955
3022,0.0212959
3023,0.0212617
3024,0.0212031
3025,0.0211033
3026,0.0211073
3027,0.021051
3028,0.0210125
3029,0.0208998
3030,0.0209014
3031,0.0208466
3032,0.0207482
3033,0.0206241
3034,0.0206017
3035,0.0206329
3036,0.0205488
3037,0.0204791
3038,0.0204111
3039,0.0203709
3040,0.0202538
3041,0.0202632
3042,0.020163
3043,0.0200412
3044,0.0199998
3045,0.0199992
3046,0.0198609
3047,0.0198078
3048,0.0197579
3049,0.0197186
3050,0.0196071
3051,0.0195294
3052,0.0194787
3053,0.0194084
3054,0.0193586
3055,0.0193191
3056,0.0193123
3057,0.0192474
3058,0.0192363
3059,0.0191412
3060,0.0191678
3061,0.0191268
3062,0.0191429
3063,0.0190971
3064,0.0190943
3065,0.0190648
3066,0.0190249
3067,0.0190336
3068,0.0190302
3069,0.0190143
3070,0.0189898
3071,0.0189525
3072,0.0189829
3073,0.0190308
3074,0.0190022
3075,0.0189907
3076,0.0189904
3077,0.0190211
3078,0.0190678
3079,0.0190379
3080,0.0189896
3081,0.0190038
3082,0.0189961
3083,0.0189683
3084,0.0189789
3085,0.0189604
3086,0.0189046
3087,0.0188732
3088,0.0188714
3089,0.0188478
3090,0.0188392
3091,0.0187931
3092,0.0187509
3093,0.018743
3094,0.0186951
3095,0.0187051
3096,0.0186593
3097,0.0186856
3098,0.0186835
3099,0.0187202
3100,0.0186455
3101,0.0186521
3102,0.0186592
3103,0.0187612
3104,0.0187874
3105,0.0188278
3106,0.0188843
3107,0.0190083
3108,0.0190423
3109,0.0190849
3110,0.0192334
3111,0.0193109
3112,0.0193599
3113,0.0194352
3114,0.0195397
3115,0.0195855
3116,0.0196337
3117,0.0197278
3118,0.0198208
3119,0.0198537
3120,0.0198662
3121,0.0199061
3122,0.0200264
3123,0.0200285
3124,0.0200753
3125,0.0201082
3126,0.0202191
3127,0.0202268
3128,0.020234
3129,0.0203172
3130,0.0204201
3131,0.0204243
3132,0.0204682
3133,0.020552
3134,0.0206649
3135,0.0206101
3136,0.020607
3137,0.0207098
3138,0.020806
3139,0.0208588
3140,0.0209289
3141,0.0209948
3142,0.0209916
3143,0.0210967
3144,0.0211815
3145,0.0212084
3146,0.0212426
3147,0.0213161
3148,0.0214481
3149,0.0214808
3150,0.0215322
3151,0.0216287
3152,0.0216932
3153,0.0217755
3154,0.0217998
3155,0.0218445
3156,0.0218876
3157,0.0219296
3158,0.0219827
3159,0.0220156
3160,0.0220813
3161,0.0220709
3162,0.0220984
3163,0.0220667
3164,0.0221565
3165,0.0221798
3166,0.0222199
3167,0.0222494
3168,0.022241
3169,0.0222152
3170,0.022235
3171,0.0222545
3172,0.02226
3173,0.022235
3174,0.0222708
3175,0.0222887
3176,0.0222678
3177,0.0222567
3178,0.0222242
3179,0.0222417
3180,0.0222576
3181,0.0222513
3182,0.0222299
3183,0.0222264
3184,0.022251
3185,0.0222576
3186,0.0222922
3187,0.0223627
3188,0.0223387
3189,0.0223639
3190,0.0223949
3191,0.0224765
3192,0.0225056
3193,0.0225717
3194,0.0225684
3195,0.0226007
3196,0.0226009
3197,0.0226553
3198,0.0225846
3199,0.0226339
3200,0.0226341
3201,0.0227079
3202,0.0226553
3203,0.0226261
3204,0.0225902
3205,0.0225412
3206,0.0224618
3207,0.0223837
3208,0.0223581
3209,0.0222809
3210,0.0221521
3211,0.022074
3212,0.0220374
3213,0.021938
3214,0.0218286
3215,0.0217879
3216,0.0217711
3217,0.0216717
3218,0.0215753
3219,0.0215223
3220,0.0215271
3221,0.0214882
3222,0.0213714
3223,0.0213243
3224,0.0212965
3225,0.021233
3226,0.0211412
3227,0.0211281
3228,0.021074
3229,0.0210102
3230,0.0208758
3231,0.0208842
3232,0.0208361
3233,0.020751
3234,0.0206385
3235,0.0206219
3236,0.0206554
3237,0.0205693
3238,0.0205019
3239,0.0204338
3240,0.0203981
3241,0.0202764
3242,0.0203181
3243,0.020225
3244,0.0201499
3245,0.0201101
3246,0.0200895
3247,0.0199436
3248,0.0198565
3249,0.0198147
3250,0.0197593
3251,0.0196555
3252,0.0195734
3253,0.0194825
3254,0.0194438
3255,0.0193679
3256,0.0193333
3257,0.0192918
3258,0.019241
3259,0.0192191
3260,0.0191226
3261,0.0191454
3262,0.0190832
3263,0.0190938
3264,0.0189995
3265,0.0189789
3266,0.0189435
3267,0.0188873
3268,0.0188925
3269,0.0189091
3270,0.0188969
3271,0.0188653
3272,0.0188393
3273,0.0188459
3274,0.0188161
3275,0.0187959
3276,0.0187911
3277,0.0187588
3278,0.0187404
3279,0.0187482
3280,0.0187239
3281,0.0187079
3282,0.0186787
3283,0.0186865
3284,0.0186628
3285,0.0186309
3286,0.0185936
3287,0.0185372
3288,0.0184947
3289,0.0184667
3290,0.0184092
3291,0.0183659
3292,0.0183091
3293,0.0182616
3294,0.0182576
3295,0.0182202
3296,0.0181818
3297,0.0181434
3298,0.0181648
3299,0.0181026
3300,0.0181189
3301,0.0180315
3302,0.0179912
3303,0.017939
3304,0.0179632
3305,0.0179487
3306,0.0179662
3307,0.0179291
3308,0.0179294
3309,0.0179207
3310,0.0179156
3311,0.0179323
3312,0.0179549
3313,0.0179543
3314,0.0179387
3315,0.0179148
3316,0.0179108
3317,0.017918
3318,0.0179362
3319,0.0179379
3320,0.0179085
3321,0.0178811
3322,0.0178729
3323,0.0178917
3324,0.0178935
3325,0.0178878
3326,0.0178452
3327,0.0178552
3328,0.0178576
3329,0.0178395
3330,0.0178436
3331,0.0178525
3332,0.0178427
3333,0.0178504
3334,0.0178564
3335,0.0178678
3336,0.0178013
3337,0.0177916
3338,0.017777
3339,0.0177911
3340,0.0177626
3341,0.0177782
3342,0.0177208
3343,0.0177083
3344,0.0176878
3345,0.0176947
3346,0.0176961
3347,0.0177042
3348,0.0176578
3349,0.0176757
3350,0.0176578
3351,0.0176744
3352,0.0176669
3353,0.0176724
3354,0.0176735
3355,0.0176789
3356,0.0176425
3357,0.017622
3358,0.0176286
3359,0.0176244
3360,0.017613
3361,0.0176083
3362,0.0176165
3363,0.0175983
3364,0.0175948
3365,0.0176323
3366,0.0176505
3367,0.017666
3368,0.0176923
3369,0.0176817
3370,0.0176675
3371,0.0176754
3372,0.0176638
3373,0.0176476
3374,0.0176666
3375,0.0176922
3376,0.0176847
3377,0.017673
3378,0.0176953
3379,0.0176755
3380,0.0177046
3381,0.0176831
3382,0.0176952
3383,0.0176791
3384,0.0176297
3385,0.0176316
3386,0.0176355
3387,0.0176039
3388,0.0176262
3389,0.0175955
3390,0.0175901
3391,0.0175683
3392,0.0175898
3393,0.0175841
3394,0.0175798
3395,0.0175698
3396,0.0175594
3397,0.0175497
3398,0.0175229
3399,0.0174907
3400,0.017497
3401,0.0174897
3402,0.0175051
3403,0.017506
3404,0.0174729
3405,0.0174792
3406,0.0174302
3407,0.0174337
3408,0.0174303
3409,0.0174472
3410,0.0174353
3411,0.0174061
3412,0.0173877
3413,0.0173839
3414,0.0173833
3415,0.0173807
3416,0.0173766
3417,0.0173658
3418,0.0173565
3419,0.0173525
3420,0.0173511
3421,0.0173583
3422,0.017351
3423,0.0173385
3424,0.0172972
3425,0.0172943
3426,0.0173048
3427,0.0173026
3428,0.0172947
3429,0.0172949
3430,0.017295
3431,0.0172864
3432,0.0172855
3433,0.0172817
3434,0.0172625
3435,0.0172571
3436,0.0172532
3437,0.017244
3438,0.0172247
3439,0.0172336
3440,0.0172309
3441,0.0172252
3442,0.0172121
3443,0.0172123
3444,0.017206
3445,0.0171977
3446,0.0171804
3447,0.0171859
3448,0.0171974
3449,0.0171642
3450,0.0171682
3451,0.0171268
3452,0.0171154
3453,0.0171062
3454,0.0170992
3455,0.0170938
3456,0.0170869
3457,0.0170898
3458,0.0170703
3459,0.0170639
3460,0.0170778
3461,0.0170712
3462,0.017077
3463,0.0170697
3464,0.0170656
3465,0.0170453
3466,0.017013
3467,0.0170215
3468,0.0169904
3469,0.0169911
3470,0.0169919
3471,0.017004
3472,0.0170052
3473,0.0169992
3474,0.0169971
3475,0.0169748
3476,0.0169742
3477,0.0169969
3478,0.0169762
3479,0.0169799
3480,0.0169391
3481,0.0169518
3482,0.0169307
3483,0.016925
3484,0.0169293
3485,0.0169319
3486,0.0169139
3487,0.0169342
3488,0.0169204
3489,0.0169091
3490,0.0168909
3491,0.0168752
3492,0.016849
3493,0.0168283
3494,0.016821
3495,0.0168048
3496,0.0168041
3497,0.0167754
3498,0.01677
3499,0.0167658
3500,0.0167497
3501,0.0167572
3502,0.0167419
3503,0.0167119
3504,0.0167331
3505,0.0167506
3506,0.0167663
3507,0.0167497
3508,0.0167571
3509,0.0167584
3510,0.0167615
3511,0.0167661
3512,0.0167619
3513,0.0167802
3514,0.0167943
3515,0.0168179
3516,0.0168146
3517,0.0168179
3518,0.0168002
3519,0.0167981
3520,0.016813
3521,0.0168258
3522,0.016835
3523,0.0168396
3524,0.0168555
3525,0.0168765
3526,0.0168918
3527,0.016899
3528,0.0169085
3529,0.0169228
3530,0.0169384
3531,0.0169415
3532,0.0169628
3533,0.0169572
3534,0.0169645
3535,0.0169921
3536,0.0170306
3537,0.0170397
3538,0.0170471
3539,0.0170282
3540,0.0170451
3541,0.0170455
3542,0.0170477
3543,0.0170302
3544,0.0170414
3545,0.0170292
3546,0.0170427
3547,0.017048
3548,0.017035
3549,0.0170515
3550,0.0170456
3551,0.0170598
3552,0.0170632
3553,0.0170789
3554,0.0170761
3555,0.0170817
3556,0.0170859
3557,0.0170812
3558,0.0170859
3559,0.017109
3560,0.0171058
3561,0.0170832
3562,0.0170911
3563,0.0171036
3564,0.017093
3565,0.0170674
3566,0.0170865
3567,0.0170782
3568,0.0170833
3569,0.0171263
3570,0.0171384
3571,0.0171164
3572,0.0171323
3573,0.0171437
3574,0.0171309
3575,0.0171245
3576,0.0171235
3577,0.017117
3578,0.0171131
3579,0.017124
3580,0.0171711
3581,0.0172056
3582,0.0171999
3583,0.0172249
3584,0.0172464
3585,0.0172316
3586,0.0172429
3587,0.017227
3588,0.0172155
3589,0.0172275
3590,0.0172521
3591,0.0172716
3592,0.0172821
3593,0.0172687
3594,0.0172922
3595,0.0173081
3596,0.0173352
3597,0.0173456
3598,0.0173487
3599,0.0173531
3600,0.0173475
3601,0.0173516
3602,0.0173567
3603,0.017367
3604,0.0173505
3605,0.0173285
3606,0.0173223
3607,0.0173405
3608,0.0173723
3609,0.0174001
3610,0.0174061
3611,0.0174151
3612,0.0174404
3613,0.0174557
3614,0.0174553
3615,0.017448
3616,0.0174593
3617,0.0174613
3618,0.0174916
3619,0.017567
3620,0.0176177
3621,0.0175974
3622,0.0176525
3623,0.0177297
3624,0.017724
3625,0.0177709
3626,0.0178494
3627,0.0178712
3628,0.0179484
3629,0.018068
3630,0.0181548
3631,0.0181521
3632,0.018215
3633,0.0183104
3634,0.0184367
3635,0.0185471
3636,0.0185907
3637,0.0186963
3638,0.0190718
3639,0.0193878
3640,0.0194475
3641,0.0198733
3642,0.020164
3643,0.0203491
3644,0.0207483
3645,0.0208493
3646,0.0212263
3647,0.0217134
3648,0.021825
3649,0.0222188
3650,0.022762
3651,0.0229854
3652,0.023157
3653,0.0234625
3654,0.0235827
3655,0.0236891
3656,0.0237784
3657,0.023887
3658,0.024064
3659,0.0240842
3660,0.0241761
3661,0.0243096
3662,0.0243698
3663,0.0244569
3664,0.024573
3665,0.0246304
3666,0.0247789
3667,0.024983
3668,0.0250867
3669,0.0251667
3670,0.0252548
3671,0.0252948
3672,0.0254785
3673,0.0255385
3674,0.0257408
3675,0.0260557
3676,0.0261566
3677,0.0263152
3678,0.0265477
3679,0.0265623
3680,0.0266324
3681,0.0266518
3682,0.0267384
3683,0.0268038
3684,0.0268147
3685,0.0268251
3686,0.0268708
3687,0.0269229
3688,0.0270258
3689,0.0271354
3690,0.0271516
3691,0.0272533
3692,0.0274196
3693,0.0275331
3694,0.0275984
3695,0.0276766
3696,0.0276435
3697,0.0277649
3698,0.0278337
3699,0.0279317
3700,0.0281409
3701,0.0282479
3702,0.0282822
3703,0.0283897
3704,0.0284114
3705,0.0284231
3706,0.0284441
3707,0.0285427
3708,0.0286161
3709,0.0286133
3710,0.0286589
3711,0.0287764
3712,0.0288428
3713,0.0289434
3714,0.0290338
3715,0.029046
3716,0.0291844
3717,0.0294117
3718,0.0295045
3719,0.0294263
3720,0.0294237
3721,0.0294316
3722,0.0294118
3723,0.029426
3724,0.0296337
3725,0.0297838
3726,0.0297073
3727,0.0298813
3728,0.0299964
3729,0.0299311
3730,0.0298467
3731,0.0298745
3732,0.0298913
3733,0.0298113
3734,0.0297562
3735,0.0297713
3736,0.0298197
3737,0.0297987
3738,0.0294512
3739,0.0291541
3740,0.0291835
3741,0.0289201
3742,0.0287417
3743,0.0285884
3744,0.0282459
3745,0.0282043
3746,0.0278342
3747,0.0273316
3748,0.0272723
3749,0.0269668
3750,0.0264982
3751,0.0262773
3752,0.026162
3753,0.0259239
3754,0.0259102
3755,0.0258913
3756,0.025878
3757,0.0257994
3758,0.0257296
3759,0.0258694
3760,0.0258903
3761,0.0257652
3762,0.0257139
3763,0.0256728
3764,0.0255768
3765,0.0255672
3766,0.0254764
3767,0.0253646
3768,0.0252835
3769,0.0252264
3770,0.0251865
3771,0.0252329
3772,0.025032
3773,0.025064
3774,0.0249397
3775,0.0246277
3776,0.0245749
3777,0.0245736
3778,0.0244101
3779,0.0244625
3780,0.0243948
3781,0.0243858
3782,0.0244136
3783,0.0244319
3784,0.0244551
3785,0.0244968
3786,0.0245164
3787,0.0244894
3788,0.0244229
3789,0.0243593
3790,0.024351
3791,0.0243426
3792,0.0242152
3793,0.0241241
3794,0.0241381
3795,0.02408
3796,0.0240974
3797,0.0240095
3798,0.0239755
3799,0.0239045
3800,0.0237132
3801,0.0236978
3802,0.0237533
3803,0.0237489
3804,0.0237314
3805,0.0237379
3806,0.0237847
3807,0.0238038
3808,0.023791
3809,0.0238682
3810,0.0238729
3811,0.0238131
3812,0.0237821
3813,0.0237378
3814,0.0237304
3815,0.0237708
3816,0.0237061
3817,0.0235407
3818,0.0235003
3819,0.0236861
3820,0.0238205
3821,0.0238737
3822,0.0238426
3823,0.023916
3824,0.023811
3825,0.023681
3826,0.0238654
3827,0.0237512
3828,0.0236664
3829,0.0237923
3830,0.0239942
3831,0.0241289
3832,0.0241856
3833,0.024275
3834,0.0243805
3835,0.0244328
3836,0.0245148
3837,0.0245187
3838,0.0247705
3839,0.0251467
3840,0.0254485
3841,0.0253922
3842,0.0258402
3843,0.0261247
3844,0.0264541
3845,0.0268598
3846,0.0270111
3847,0.0274903
3848,0.0280244
3849,0.0280575
3850,0.0285171
3851,0.0290874
3852,0.0293063
3853,0.0294915
3854,0.0297872
3855,0.0298706
3856,0.0299945
3857,0.0300682
3858,0.0300667
3859,0.0301374
3860,0.0301293
3861,0.0302672
3862,0.0304524
3863,0.030483
3864,0.0305656
3865,0.0306734
3866,0.0307498
3867,0.0308327
3868,0.0311208
3869,0.0312337
3870,0.0313303
3871,0.0314118
3872,0.0315125
3873,0.0315964
3874,0.0316526
3875,0.0319603
3876,0.0322596
3877,0.0322887
3878,0.0324154
3879,0.0325763
3880,0.0325702
3881,0.0326229
3882,0.0326147
3883,0.0326024
3884,0.0326853
3885,0.0327009
3886,0.0326543
3887,0.0326831
3888,0.0327396
3889,0.0327916
3890,0.0329184
3891,0.0328531
3892,0.0329245
3893,0.0330826
3894,0.0331298
3895,0.0331786
3896,0.0332809
3897,0.0332318
3898,0.0333537
3899,0.0333911
3900,0.0335085
3901,0.0336467
3902,0.0337434
3903,0.0336882
3904,0.0338135
3905,0.0338454
3906,0.0337999
3907,0.0336752
3908,0.0336665
3909,0.0336919
3910,0.0336589
3911,0.0336324
3912,0.0337309
3913,0.033794
3914,0.0338323
3915,0.0338692
3916,0.0338272
3917,0.0339058
3918,0.0340568
3919,0.0340088
3920,0.0338071
3921,0.0338038
3922,0.0338062
3923,0.033705
3924,0.0336758
3925,0.0338247
3926,0.0338535
3927,0.0337652
3928,0.0338408
3929,0.0338445
3930,0.0336847
3931,0.0335526
3932,0.0334291
3933,0.0333915
3934,0.0332193
3935,0.033099
3936,0.0330744
3937,0.0330951
3938,0.0329026
3939,0.0325258
3940,0.0321671
3941,0.0321731
3942,0.0317911
3943,0.0316032
3944,0.0312302
3945,0.0308325
3946,0.0307281
3947,0.030264
3948,0.0297028
3949,0.0296343
3950,0.0291976
3951,0.0286805
3952,0.0284054
3953,0.028203
3954,0.0278766
3955,0.0278309
3956,0.02772
3957,0.0277312
3958,0.027652
3959,0.027548
3960,0.0276018
3961,0.0275918
3962,0.0273827
3963,0.0273296
3964,0.0272964
3965,0.027158
3966,0.027072
3967,0.0269805
3968,0.0267759
3969,0.0266307
3970,0.0265209
3971,0.0264072
3972,0.0263885
3973,0.0262093
3974,0.0261855
3975,0.0259392
3976,0.0256002
3977,0.0254607
3978,0.0254313
3979,0.0252525
3980,0.0253068
3981,0.0252523
3982,0.0251772
3983,0.0251692
3984,0.0251761
3985,0.0251545
3986,0.0251727
3987,0.025183
3988,0.0251129
3989,0.0250431
3990,0.024955
3991,0.0249318
3992,0.0249436
3993,0.024796
3994,0.0246617
3995,0.0246767
3996,0.0246004
3997,0.0246017
3998,0.0244948
3999,0.0244614
4000,0.0243684
4001,0.0241462
4002,0.0240815
4003,0.0241171
4004,0.0240774
4005,0.0240269
4006,0.0240368
4007,0.024086
4008,0.0241312
4009,0.0240847
4010,0.0241373
4011,0.0241416
4012,0.0240411
4013,0.0239584
4014,0.0238835
4015,0.0238673
4016,0.0238785
4017,0.0238355
4018,0.0236699
4019,0.0236134
4020,0.0237879
4021,0.0238708
4022,0.0238535
4023,0.0238172
4024,0.0238298
4025,0.0236496
4026,0.0234859
4027,0.0236256
4028,0.0234358
4029,0.0233582
4030,0.0234156
4031,0.0234912
4032,0.0235512
4033,0.0236275
4034,0.0236718
4035,0.0236811
4036,0.0235898
4037,0.0235398
4038,0.0234833
4039,0.0236169
4040,0.0236027
4041,0.0235696
4042,0.0234411
4043,0.023449
4044,0.0234398
4045,0.0236026
4046,0.0236063
4047,0.0236612
4048,0.0237508
4049,0.0237678
4050,0.0236994
4051,0.0237897
4052,0.0238258
4053,0.0238009
4054,0.0238249
4055,0.0237664
4056,0.0237331
4057,0.0237161
4058,0.0237112
4059,0.0235764
4060,0.0234621
4061,0.0233929
4062,0.0234477
4063,0.0235066
4064,0.0234505
4065,0.023448
4066,0.0234239
4067,0.0234445
4068,0.0233574
4069,0.0234318
4070,0.0234516
4071,0.0234638
4072,0.0234424
4073,0.0235092
4074,0.023394
4075,0.0234178
4076,0.0235107
4077,0.0235161
4078,0.0234435
4079,0.023404
4080,0.0233226
4081,0.0232836
4082,0.0232642
4083,0.0232079
4084,0.0231123
4085,0.0230911
4086,0.0231091
4087,0.0230429
4088,0.0230224
4089,0.0230226
4090,0.0229577
4091,0.0229707
4092,0.022846
4093,0.0228133
4094,0.022816
4095,0.0227613
4096,0.0227454
4097,0.0227714
4098,0.0227187
4099,0.022717
4100,0.0226766
4101,0.022728
4102,0.0226234
4103,0.0226153
4104,0.0225269
4105,0.0225589
4106,0.0225524
4107,0.0225327
4108,0.0223947
4109,0.0223003
4110,0.0222722
4111,0.0222402
4112,0.0222206
4113,0.0222066
4114,0.0222013
4115,0.0221182
4116,0.0220639
4117,0.0220032
4118,0.0219506
4119,0.0218912
4120,0.0217394
4121,0.0216195
4122,0.0216623
4123,0.0216611
4124,0.0216196
4125,0.0215948
4126,0.0215863
4127,0.0214989
4128,0.021499
4129,0.02138
4130,0.0213181
4131,0.0212241
4132,0.0211687
4133,0.0210446
4134,0.021037
4135,0.0209476
4136,0.0208831
4137,0.02086
4138,0.0208845
4139,0.0207522
4140,0.0207381
4141,0.020673
4142,0.0206612
4143,0.0205452
4144,0.0205667
4145,0.0203393
4146,0.0202753
4147,0.0202563
4148,0.0201776
4149,0.0201168
4150,0.0201163
4151,0.02005
4152,0.0200871
4153,0.0200853
4154,0.0200228
4155,0.020046
4156,0.0201332
4157,0.0200683
4158,0.0201444
4159,0.0202778
4160,0.0203358
4161,0.0203163
4162,0.0203889
4163,0.0204296
4164,0.020486
4165,0.0205266
4166,0.0205674
4167,0.0205745
4168,0.0206238
4169,0.0205537
4170,0.0205385
4171,0.0205934
4172,0.0205487
4173,0.0205467
4174,0.0206208
4175,0.0206764
4176,0.0205896
4177,0.0205909
4178,0.0205775
4179,0.0206566
4180,0.0206633
4181,0.0207127
4182,0.0208139
4183,0.0208969
4184,0.0208778
4185,0.0208795
4186,0.0209254
4187,0.0210125
4188,0.0210805
4189,0.021096
4190,0.0211924
4191,0.0211865
4192,0.0213014
4193,0.0214381
4194,0.0214748
4195,0.0214567
4196,0.021566
4197,0.021651
4198,0.0217127
4199,0.0217353
4200,0.021864
4201,0.0218836
4202,0.0219548
4203,0.0219587
4204,0.0220203
4205,0.0220518
4206,0.0220718
4207,0.0221231
4208,0.022164
4209,0.0222636
4210,0.0222359
4211,0.0222756
4212,0.0222524
4213,0.0222858
4214,0.0222556
4215,0.0223029
4216,0.0223499
4217,0.0223164
4218,0.0223227
4219,0.0223534
4220,0.0223722
4221,0.0224043
4222,0.0223602
4223,0.0223456
4224,0.022307
4225,0.022288
4226,0.0222612
4227,0.0222232
4228,0.0222316
4229,0.0222671
4230,0.0222808
4231,0.0222834
4232,0.0223127
4233,0.0223554
4234,0.0223502
4235,0.0224128
4236,0.0224598
4237,0.0224565
4238,0.0224646
4239,0.0225095
4240,0.0225598
4241,0.0225943
4242,0.022638
4243,0.022653
4244,0.0226834
4245,0.0227029
4246,0.0227994
4247,0.0227574
4248,0.022792
4249,0.0227825
4250,0.0228344
4251,0.0227655
4252,0.0227711
4253,0.0227318
4254,0.0227233
4255,0.0226583
4256,0.0225575
4257,0.022531
4258,0.0224251
4259,0.0223198
4260,0.0222079
4261,0.0221792
4262,0.0220581
4263,0.0219584
4264,0.0219037
4265,0.0218612
4266,0.0217718
4267,0.0216751
4268,0.0216235
4269,0.0216093
4270,0.0215688
4271,0.021461
4272,0.0214559
4273,0.0214201
4274,0.0213686
4275,0.0212571
4276,0.021249
4277,0.0211856
4278,0.0211484
4279,0.0210301
4280,0.0210378
4281,0.0209785
4282,0.0208755
4283,0.0207598
4284,0.0207425
4285,0.020764
4286,0.0206908
4287,0.0206155
4288,0.0205419
4289,0.0205105
4290,0.0204032
4291,0.0204174
4292,0.0203263
4293,0.0202113
4294,0.0201764
4295,0.0201841
4296,0.0200464
4297,0.020011
4298,0.0199564
4299,0.0199227
4300,0.0198221
4301,0.019755
4302,0.0196984
4303,0.0196258
4304,0.0195764
4305,0.0195333
4306,0.0195186
4307,0.0194525
4308,0.0194288
4309,0.0193209
4310,0.0193386
4311,0.0193099
4312,0.0193223
4313,0.0192798
4314,0.0192743
4315,0.019227
4316,0.0191705
4317,0.0191754
4318,0.0191564
4319,0.0191193
4320,0.0191015
4321,0.0190698
4322,0.0191015
4323,0.0191397
4324,0.0191213
4325,0.0191222
4326,0.0191168
4327,0.0191463
4328,0.0191914
4329,0.0191605
4330,0.0191018
4331,0.0191157
4332,0.0191057
4333,0.0190677
4334,0.0190684
4335,0.0190534
4336,0.0190038
4337,0.0189598
4338,0.0189651
4339,0.0189435
4340,0.0189235
4341,0.0188715
4342,0.0188257
4343,0.0188164
4344,0.0187686
4345,0.0187681
4346,0.0187174
4347,0.0187356
4348,0.0187387
4349,0.0187764
4350,0.0187028
4351,0.0187055
4352,0.0187131
4353,0.0188123
4354,0.0188302
4355,0.0188692
4356,0.0189239
4357,0.0190511
4358,0.01908
4359,0.0191195
4360,0.0192691
4361,0.0193324
4362,0.0193782
4363,0.0194592
4364,0.0195787
4365,0.0196332
4366,0.0196848
4367,0.019769
4368,0.0198509
4369,0.0198864
4370,0.0198899
4371,0.019936
4372,0.020054
4373,0.020048
4374,0.0200978
4375,0.0201364
4376,0.0202531
4377,0.0202685
4378,0.0202849
4379,0.0203758
4380,0.0204728
4381,0.0204724
4382,0.0205204
4383,0.0205889
4384,0.0206932
4385,0.0206396
4386,0.0206379
4387,0.0207251
4388,0.0208216
4389,0.0208659
4390,0.0209406
4391,0.0209982
4392,0.0209891
4393,0.0210811
4394,0.0211581
4395,0.0211771
4396,0.0212021
4397,0.0212668
4398,0.0213865
4399,0.021408
4400,0.0214373
4401,0.0215356
4402,0.0215934
4403,0.0216808
4404,0.0217066
4405,0.0217536
4406,0.0217948
4407,0.0218385
4408,0.021887
4409,0.0219405
4410,0.0220052
4411,0.0219893
4412,0.0220012
4413,0.0219749
4414,0.0220726
4415,0.0220951
4416,0.0221456
4417,0.0221795
4418,0.0221799
4419,0.0221636
4420,0.0221809
4421,0.0221955
4422,0.0221952
4423,0.0221453
4424,0.0221795
4425,0.0221891
4426,0.0221764
4427,0.0221537
4428,0.0221258
4429,0.0221415
4430,0.0221693
4431,0.0221567
4432,0.0221393
4433,0.022134
4434,0.0221587
4435,0.0221475
4436,0.0221801
4437,0.0222472
4438,0.0222186
4439,0.0222347
4440,0.0222636
4441,0.0223454
4442,0.0223744
4443,0.0224276
4444,0.0224185
4445,0.0224568
4446,0.0224515
4447,0.0225097
4448,0.0224307
4449,0.0224675
4450,0.022455
4451,0.0225209
4452,0.0224622
4453,0.0224291
4454,0.0223793
4455,0.0223457
4456,0.0222661
4457,0.0221825
4458,0.0221573
4459,0.0220879
4460,0.0219606
4461,0.0218867
4462,0.0218529
4463,0.0217584
4464,0.0216464
4465,0.021588
4466,0.021562
4467,0.0214617
4468,0.0213826
4469,0.0213452
4470,0.0213563
4471,0.0213184
4472,0.0212019
4473,0.0211601
4474,0.0211242
4475,0.021059
4476,0.0209648
4477,0.0209394
4478,0.0208739
4479,0.0208056
4480,0.020679
4481,0.0206929
4482,0.0206455
4483,0.0205628
4484,0.0204589
4485,0.0204591
4486,0.0204849
4487,0.0204162
4488,0.0203467
4489,0.0202848
4490,0.0202523
4491,0.0201481
4492,0.0201832
4493,0.0201044
4494,0.020033
4495,0.0200027
4496,0.0200022
4497,0.0198573
4498,0.019778
4499,0.0197379
4500,0.0196971
4501,0.0195958
4502,0.0195143
4503,0.0194193
4504,0.019389
4505,0.0193205
4506,0.0192952
4507,0.0192569
4508,0.0192137
4509,0.0191754
4510,0.0190743
4511,0.0190982
4512,0.0190423
4513,0.0190475
4514,0.0189459
4515,0.0189313
4516,0.0188877
4517,0.0188292
4518,0.0188312
4519,0.0188417
4520,0.0188263
4521,0.0187995
4522,0.018779
4523,0.018804
4524,0.0187736
4525,0.0187612
4526,0.0187554
4527,0.0187256
4528,0.0187093
4529,0.0187067
4530,0.0186734
4531,0.0186624
4532,0.018639
4533,0.0186448
4534,0.0186227
4535,0.0185954
4536,0.0185561
4537,0.018518
4538,0.0184781
4539,0.0184523
4540,0.0184036
4541,0.018357
4542,0.0183036
4543,0.0182674
4544,0.0182655
4545,0.0182349
4546,0.0182042
4547,0.0181582
4548,0.0181936
4549,0.0181477
4550,0.0181706
4551,0.0180917
4552,0.0180547
4553,0.0180014
4554,0.0180211
4555,0.0179861
4556,0.0180024
4557,0.0179507
4558,0.0179489
4559,0.0179339
4560,0.0179138
4561,0.0179339
4562,0.0179267
4563,0.0179185
4564,0.017901
4565,0.0178904
4566,0.0178804
4567,0.0178858
4568,0.0178849
4569,0.0178705
4570,0.0178374
4571,0.0178147
4572,0.0178147
4573,0.0178325
4574,0.0178224
4575,0.017817
4576,0.017785
4577,0.0177938
4578,0.0177991
4579,0.017784
4580,0.0177927
4581,0.0177925
4582,0.0177828
4583,0.0177943
4584,0.0177942
4585,0.0177887
4586,0.0177252
4587,0.0177227
4588,0.0176978
4589,0.0177041
4590,0.0176672
4591,0.0176767
4592,0.0176292
4593,0.0176132
4594,0.0175929
4595,0.0175874
4596,0.017584
4597,0.0175835
4598,0.0175443
4599,0.0175641
4600,0.0175353
4601,0.0175377
4602,0.0175432
4603,0.0175572
4604,0.0175516
4605,0.0175534
4606,0.0175253
4607,0.0174983
4608,0.0175166
4609,0.017516
4610,0.0175161
4611,0.017512
4612,0.0175175
4613,0.017488
4614,0.0174959
4615,0.0175405
4616,0.0175627
4617,0.0175843
4618,0.017614
4619,0.0176074
4620,0.0176099
4621,0.0176196
4622,0.0176057
4623,0.0175867
4624,0.0175915
4625,0.0176037
4626,0.0176054
4627,0.0176145
4628,0.0176346
4629,0.017625
4630,0.01766
4631,0.0176439
4632,0.0176563
4633,0.0176493
4634,0.0175984
4635,0.0176065
4636,0.0176
4637,0.0175597
4638,0.0175738
4639,0.0175403
4640,0.0175358
4641,0.0175151
4642,0.0175269
4643,0.0175212
4644,0.0175077
4645,0.0174863
4646,0.0174821
4647,0.0174613
4648,0.0174355
4649,0.0173868
4650,0.0173854
4651,0.0173804
4652,0.0173943
4653,0.0173978
4654,0.0173729
4655,0.0173839
4656,0.0173478
4657,0.0173596
4658,0.017361
4659,0.0173761
4660,0.0173781
4661,0.0173493
4662,0.01735
4663,0.0173436
4664,0.0173398
4665,0.0173448
4666,0.0173421
4667,0.0173359
4668,0.0173253
4669,0.0173252
4670,0.0173264
4671,0.0173298
4672,0.0173128
4673,0.0173012
4674,0.0172798
4675,0.0172723
4676,0.0172776
4677,0.0172814
4678,0.0172724
4679,0.0172676
4680,0.0172618
4681,0.0172618
4682,0.01726
4683,0.0172575
4684,0.0172387
4685,0.0172374
4686,0.0172403
4687,0.0172282
4688,0.0172211
4689,0.0172386
4690,0.0172419
4691,0.0172326
4692,0.0172219
4693,0.0172117
4694,0.0172146
4695,0.0172108
4696,0.0171929
4697,0.0172116
4698,0.0172192
4699,0.0171846
4700,0.0171946
4701,0.0171628
4702,0.0171462
4703,0.0171157
4704,0.0171112
4705,0.0171112
4706,0.0170959
4707,0.0171065
4708,0.0170814
4709,0.0170712
4710,0.0170778
4711,0.0170667
4712,0.0170695
4713,0.0170663
4714,0.0170531
4715,0.0170198
4716,0.0169927
4717,0.0169905
4718,0.0169584
4719,0.0169566
4720,0.0169443
4721,0.0169572
4722,0.0169631
4723,0.0169579
4724,0.0169768
4725,0.0169572
4726,0.0169574
4727,0.0169711
4728,0.016947
4729,0.0169563
4730,0.016911
4731,0.0169134
4732,0.0168957
4733,0.0168845
4734,0.0168896
4735,0.0168929
4736,0.0168809
4737,0.0169025
4738,0.0169094
4739,0.0169016
4740,0.0168815
4741,0.0168745
4742,0.0168516
4743,0.0168313
4744,0.0168384
4745,0.0168256
4746,0.0168242
4747,0.0168123
4748,0.0168056
4749,0.0168284
4750,0.0168294
4751,0.0168354
4752,0.0168211
4753,0.0167991
4754,0.0168235
4755,0.0168312
4756,0.0168336
4757,0.0168183
4758,0.0168144
4759,0.016811
4760,0.0168134
4761,0.0168149
4762,0.0168175
4763,0.016831
4764,0.0168515
4765,0.0168652
4766,0.0168709
4767,0.0168663
4768,0.0168521
4769,0.0168438
4770,0.0168502
4771,0.0168639
4772,0.0168836
4773,0.0168965
4774,0.0169144
4775,0.0169373
4776,0.0169435
4777,0.016946
4778,0.0169496
4779,0.0169592
4780,0.0169735
4781,0.0169725
4782,0.0169984
4783,0.0169919
4784,0.0170071
4785,0.0170443
4786,0.0170741
4787,0.017082
4788,0.0170941
4789,0.0170706
4790,0.017083
4791,0.0170826
4792,0.0170791
4793,0.017073
4794,0.017078
4795,0.017069
4796,0.0170829
4797,0.0170891
4798,0.0170776
4799,0.0170989
4800,0.0170949
4801,0.01711
4802,0.0171169
4803,0.0171522
4804,0.0171546
4805,0.0171474
4806,0.017153
4807,0.0171542
4808,0.0171534
4809,0.0171913
4810,0.0171967
4811,0.0171804
4812,0.0171999
4813,0.0172185
4814,0.0172088
4815,0.0171958
4816,0.017218
4817,0.0172142
4818,0.0172295
4819,0.017283
4820,0.0172948
4821,0.0172836
4822,0.0172998
4823,0.017317
4824,0.0172971
4825,0.0172864
4826,0.0172742
4827,0.0172629
4828,0.0172662
4829,0.0172757
4830,0.0173221
4831,0.0173641
4832,0.0173522
4833,0.0173816
4834,0.0174176
4835,0.0174011
4836,0.0174156
4837,0.0174004
4838,0.0173763
4839,0.0173841
4840,0.0174054
4841,0.0174272
4842,0.0174419
4843,0.017428
4844,0.0174445
4845,0.0174561
4846,0.017478
4847,0.0174912
4848,0.0174941
4849,0.0174851
4850,0.0174603
4851,0.0174686
4852,0.0174693
4853,0.0174868
4854,0.0174672
4855,0.0174585
4856,0.017468
4857,0.0174912
4858,0.0175462
4859,0.0175839
4860,0.0176066
4861,0.0176178
4862,0.0176216
4863,0.0176446
4864,0.0176294
4865,0.0176208
4866,0.0176172
4867,0.0176216
4868,0.0176653
4869,0.0177435
4870,0.0178056
4871,0.0177782
4872,0.0178159
4873,0.0178772
4874,0.0178581
4875,0.0179156
4876,0.018007
4877,0.0180444
4878,0.0181199
4879,0.0182309
4880,0.0183144
4881,0.0183047
4882,0.0183622
4883,0.0184732
4884,0.0186003
4885,0.0187225
4886,0.0187706
4887,0.0188636
4888,0.0192438
4889,0.0195482
4890,0.0196149
4891,0.0200521
4892,0.0203386
4893,0.020515
4894,0.0209151
4895,0.0210139
4896,0.0213979
4897,0.0218833
4898,0.0220112
4899,0.0223922
4900,0.0229069
4901,0.0231227
4902,0.0233111
4903,0.0236001
4904,0.0237105
4905,0.0238226
4906,0.0239067
4907,0.0240063
4908,0.0241774
4909,0.0242063
4910,0.0242792
4911,0.024385
4912,0.0244362
4913,0.0244952
4914,0.0246077
4915,0.0246302
4916,0.0247495
4917,0.0249762
4918,0.0250506
4919,0.0251074
4920,0.0252038
4921,0.0252454
4922,0.0254494
4923,0.0255084
4924,0.0256944
4925,0.0260204
4926,0.0261022
4927,0.026279
4928,0.0265069
4929,0.0265276
4930,0.0266114
4931,0.0266185
4932,0.026694
4933,0.0267702
4934,0.0267726
4935,0.0267674
4936,0.0267995
4937,0.0268413
4938,0.026929
4939,0.027044
4940,0.02704
4941,0.0271232
4942,0.0273079
4943,0.0273976
4944,0.0274499
4945,0.0275484
4946,0.0275316
4947,0.0276661
4948,0.0277407
4949,0.0278272
4950,0.0280487
4951,0.0281349
4952,0.0281914
4953,0.028284
4954,0.0283265
4955,0.0283525
4956,0.0283667
4957,0.0284441
4958,0.0285051
4959,0.0285204
4960,0.0285434
4961,0.0286265
4962,0.0287151
4963,0.0287765
4964,0.0288796
4965,0.0288991
4966,0.0290474
4967,0.0292621
4968,0.0293499
4969,0.0292824
4970,0.0292534
4971,0.0292762
4972,0.0292803
4973,0.0292835
4974,0.0294921
4975,0.0296127
4976,0.0295292
4977,0.029682
4978,0.0298005
4979,0.0297337
4980,0.0296431
4981,0.0296681
4982,0.029695
4983,0.0296346
4984,0.0295648
4985,0.029526
4986,0.0295787
4987,0.0295404
4988,0.0291908
4989,0.0288937
4990,0.0289172
4991,0.0286266
4992,0.0284737
4993,0.0283208
4994,0.0279507
4995,0.0278868
4996,0.0274986
4997,0.0269872
4998,0.0269217
4999,0.026626
5000,0.0261724
5001,0.0259618
5002,0.0258458
5003,0.0256234
5004,0.0256043
5005,0.0255945
5006,0.0255704
5007,0.025452
5008,0.0253909
5009,0.0255033
5010,0.0255241
5011,0.0254213
5012,0.0254192
5013,0.0253968
5014,0.0252995
5015,0.0253018
5016,0.0252372
5017,0.0251014
5018,0.0250266
5019,0.0249703
5020,0.0249355
5021,0.0249398
5022,0.0247276
5023,0.0247171
5024,0.024603
5025,0.0242783
5026,0.0242737
5027,0.0242189
5028,0.0240897
5029,0.024071
5030,0.0239634
5031,0.0239763
5032,0.0239994
5033,0.0239599
5034,0.0240029
5035,0.0240104
5036,0.0240185
5037,0.0240249
5038,0.0239828
5039,0.0238934
5040,0.0239357
5041,0.0238918
5042,0.0237114
5043,0.0236747
5044,0.0236529
5045,0.0235667
5046,0.0235771
5047,0.0234459
5048,0.0234185
5049,0.0233522
5050,0.0231444
5051,0.0231287
5052,0.0231981
5053,0.0231622
5054,0.0231643
5055,0.0231252
5056,0.0231636
5057,0.0231642
5058,0.0231637
5059,0.0231999
5060,0.0231986
5061,0.0231776
5062,0.0231512
5063,0.0231228
5064,0.0231056
5065,0.0231682
5066,0.0230839
5067,0.0228761
5068,0.022836
5069,0.0230044
5070,0.0231189
5071,0.0231867
5072,0.023134
5073,0.023162
5074,0.0230847
5075,0.0229722
5076,0.0231308
5077,0.0231106
5078,0.0229684
5079,0.0230265
5080,0.0232391
5081,0.0233978
5082,0.0233453
5083,0.0233785
5084,0.0234349
5085,0.0234803
5086,0.0235627
5087,0.0236473
5088,0.023802
5089,0.0242273
5090,0.0244712
5091,0.0244136
5092,0.0248039
5093,0.0251722
5094,0.0254054
5095,0.0258098
5096,0.0259195
5097,0.0263695
5098,0.0268941
5099,0.0270015
5100,0.0273831
5101,0.0279255
5102,0.028063
5103,0.0282222
5104,0.0285093
5105,0.0285972
5106,0.028691
5107,0.0287843
5108,0.0287841
5109,0.0288458
5110,0.0288792
5111,0.0290419
5112,0.0291141
5113,0.0291336
5114,0.0292153
5115,0.0293554
5116,0.029338
5117,0.0293959
5118,0.0296173
5119,0.0296567
5120,0.0296958
5121,0.0297946
5122,0.0299005
5123,0.0300866
5124,0.0300771
5125,0.0302908
5126,0.0305582
5127,0.0305388
5128,0.0306189
5129,0.0308285
5130,0.0308467
5131,0.0308892
5132,0.0308489
5133,0.0308557
5134,0.0309487
5135,0.0310137
5136,0.0309713
5137,0.0309669
5138,0.0309884
5139,0.0310661
5140,0.0311302
5141,0.0310915
5142,0.0311822
5143,0.0313631
5144,0.0314376
5145,0.031504
5146,0.0316007
5147,0.031598
5148,0.0317011
5149,0.0317488
5150,0.0318498
5151,0.0320255
5152,0.0320315
5153,0.0320307
5154,0.0321402
5155,0.0322277
5156,0.0322095
5157,0.0321179
5158,0.0320762
5159,0.0321181
5160,0.0321179
5161,0.0321031
5162,0.032139
5163,0.0322046
5164,0.0322141
5165,0.0322626
5166,0.0322471
5167,0.0323917
5168,0.0325244
5169,0.0325011
5170,0.0323517
5171,0.0323065
5172,0.0323243
5173,0.0322931
5174,0.0322279
5175,0.0323685
5176,0.0323863
5177,0.0322158
5178,0.0323595
5179,0.032441
5180,0.0322793
5181,0.032117
5182,0.0320928
5183,0.0320903
5184,0.0319989
5185,0.0318937
5186,0.0318176
5187,0.031782
5188,0.0316359
5189,0.0312289
5190,0.0309224
5191,0.0309518
5192,0.0305785
5193,0.0303211
5194,0.0300617
5195,0.0296706
5196,0.0295951
5197,0.0291557
5198,0.0285676
5199,0.0284304
5200,0.0280738
5201,0.0275844
5202,0.0273751
5203,0.0272082
5204,0.0269005
5205,0.0268258
5206,0.0267963
5207,0.026802
5208,0.0266705
5209,0.0265655
5210,0.0265979
5211,0.0265243
5212,0.0263772
5213,0.0263954
5214,0.0263448
5215,0.0261845
5216,0.0261725
5217,0.0261161
5218,0.0259993
5219,0.0259448
5220,0.0258642
5221,0.025757
5222,0.0256749
5223,0.0254512
5224,0.0254448
5225,0.0252931
5226,0.0249451
5227,0.0249122
5228,0.0248606
5229,0.0247377
5230,0.0247535
5231,0.024673
5232,0.0246728
5233,0.0246601
5234,0.0245913
5235,0.0245913
5236,0.0245732
5237,0.0245649
5238,0.024544
5239,0.0244765
5240,0.0243865
5241,0.0244253
5242,0.0243955
5243,0.0241835
5244,0.0240983
5245,0.0240623
5246,0.0239517
5247,0.0239367
5248,0.0238021
5249,0.0237781
5250,0.0236981
5251,0.0234521
5252,0.0234333
5253,0.0234998
5254,0.0234322
5255,0.0233768
5256,0.0233294
5257,0.0233847
5258,0.0233975
5259,0.0233587
5260,0.0233558
5261,0.0233072
5262,0.0232343
5263,0.0231696
5264,0.023138
5265,0.0230714
5266,0.0231042
5267,0.0229968
5268,0.0227848
5269,0.0227329
5270,0.0228631
5271,0.0229073
5272,0.0228984
5273,0.0228346
5274,0.0228164
5275,0.0226458
5276,0.0225247
5277,0.0226306
5278,0.0225287
5279,0.0223688
5280,0.0223593
5281,0.0224407
5282,0.0225067
5283,0.0224794
5284,0.0224774
5285,0.0224229
5286,0.0223143
5287,0.0222367
5288,0.0222663
5289,0.0223069
5290,0.0223293
5291,0.0222522
5292,0.0221111
5293,0.0220565
5294,0.0221375
5295,0.0221794
5296,0.0221679
5297,0.0221941
5298,0.022263
5299,0.0222777
5300,0.0222721
5301,0.0222711
5302,0.0222939
5303,0.0222
5304,0.0221672
5305,0.0221149
5306,0.0220601
5307,0.0220327
5308,0.0220456
5309,0.0219452
5310,0.0218303
5311,0.0218145
5312,0.0219018
5313,0.0218626
5314,0.0218181
5315,0.0218393
5316,0.0218438
5317,0.0217777
5318,0.0216783
5319,0.0216605
5320,0.0216299
5321,0.021607
5322,0.0216206
5323,0.0216528
5324,0.0216431
5325,0.02158
5326,0.0216034
5327,0.0215679
5328,0.0214631
5329,0.0213464
5330,0.021296
5331,0.0212677
5332,0.0212192
5333,0.021156
5334,0.021084
5335,0.0210617
5336,0.0211114
5337,0.0210677
5338,0.0210408
5339,0.0210268
5340,0.0210138
5341,0.0209558
5342,0.0208802
5343,0.0208561
5344,0.0208425
5345,0.0208261
5346,0.0208444
5347,0.0208653
5348,0.0208571
5349,0.0207979
5350,0.0207624
5351,0.0207622
5352,0.0207046
5353,0.0205962
5354,0.0205228
5355,0.0205374
5356,0.020583
5357,0.020546
5358,0.0204555
5359,0.0203598
5360,0.0203321
5361,0.0203171
5362,0.0202875
5363,0.0202524
5364,0.0202177
5365,0.020141
5366,0.0200879
5367,0.0200812
5368,0.0200967
5369,0.0200188
5370,0.0198978
5371,0.0198149
5372,0.0198016
5373,0.0198065
5374,0.0197855
5375,0.0197348
5376,0.0196696
5377,0.0195738
5378,0.0194937
5379,0.0194781
5380,0.0194418
5381,0.0193459
5382,0.0192706
5383,0.0192228
5384,0.0191931
5385,0.0191847
5386,0.0191513
5387,0.0191208
5388,0.0190628
5389,0.0190022
5390,0.0189643
5391,0.018942
5392,0.018959
5393,0.0188862
5394,0.0188002
5395,0.0186959
5396,0.0186718
5397,0.0186406
5398,0.018566
5399,0.0184894
5400,0.0184201
5401,0.0183577
5402,0.0183456
5403,0.01836
5404,0.0183117
5405,0.0182455
5406,0.0181919
5407,0.0181524
5408,0.0181639
5409,0.0181297
5410,0.0180858
5411,0.0180277
5412,0.0179466
5413,0.0179004
5414,0.0179123
5415,0.0178851
5416,0.0178355
5417,0.0178231
5418,0.0178329
5419,0.0178409
5420,0.0178577
5421,0.0178433
5422,0.0177931
5423,0.0177265
5424,0.017683
5425,0.0177077
5426,0.0176985
5427,0.0176521
5428,0.0176299
5429,0.0176434
5430,0.0176604
5431,0.0176927
5432,0.0177185
5433,0.0177244
5434,0.0176961
5435,0.0176774
5436,0.0176587
5437,0.0176654
5438,0.0176439
5439,0.0176126
5440,0.0175836
5441,0.0175796
5442,0.0175988
5443,0.017628
5444,0.0176322
5445,0.0176071
5446,0.0175839
5447,0.0175514
5448,0.0175369
5449,0.0175647
5450,0.0175954
5451,0.0175764
5452,0.0175391
5453,0.0175393
5454,0.0175494
5455,0.0175137
5456,0.0174681
5457,0.0174486
5458,0.0174598
5459,0.0174634
5460,0.0174446
5461,0.0174449
5462,0.0174224
5463,0.0173798
5464,0.0173509
5465,0.0173674
5466,0.0173422
5467,0.0172919
5468,0.0172595
5469,0.0172604
5470,0.017269
5471,0.0172681
5472,0.0172562
5473,0.0172406
5474,0.0172042
5475,0.0171992
5476,0.0171853
5477,0.0171617
5478,0.0171578
5479,0.0171685
5480,0.0171852
5481,0.0171818
5482,0.0171725
5483,0.0171687
5484,0.017175
5485,0.0171852
5486,0.0171851
5487,0.0171622
5488,0.0171366
5489,0.0171222
5490,0.0171009
5491,0.0170908
5492,0.0170757
5493,0.0170683
5494,0.0170695
5495,0.0170792
5496,0.0170683
5497,0.0170643
5498,0.017071
5499,0.017072
5500,0.0170632
5501,0.0170543
5502,0.0170302
5503,0.0170223
5504,0.0170281
5505,0.0170367
5506,0.0170132
5507,0.016996
5508,0.016984
5509,0.0169863
5510,0.0169843
5511,0.0169816
5512,0.0169721
5513,0.0169849
5514,0.0169759
5515,0.0169713
5516,0.0169828
5517,0.0169661
5518,0.016927
5519,0.0169001
5520,0.0168803
5521,0.0168734
5522,0.0168829
5523,0.0168909
5524,0.0168786
5525,0.0168583
5526,0.0168413
5527,0.0168583
5528,0.0168614
5529,0.0168502
5530,0.0168369
5531,0.0168127
5532,0.0167939
5533,0.0167831
5534,0.0167886
5535,0.0167618
5536,0.0167343
5537,0.0167351
5538,0.0167356
5539,0.0167446
5540,0.0167549
5541,0.0167519
5542,0.0167367
5543,0.0167147
5544,0.0166833
5545,0.0166596
5546,0.0166452
5547,0.0166566
5548,0.016671
5549,0.016651
5550,0.0166247
5551,0.016633
5552,0.0166233
5553,0.0166012
5554,0.0165775
5555,0.0165589
5556,0.0165581
5557,0.0165549
5558,0.0165372
5559,0.0165279
5560,0.0165324
5561,0.0165341
5562,0.0165365
5563,0.0165449
5564,0.0165512
5565,0.0165481
5566,0.0165346
5567,0.0165355
5568,0.01653
5569,0.0165125
5570,0.0164991
5571,0.0165007
5572,0.0165087
5573,0.0165168
5574,0.0165173
5575,0.0165209
5576,0.0165332
5577,0.016552
5578,0.0165512
5579,0.0165223
5580,0.0164906
5581,0.0164909
5582,0.016491
5583,0.0164817
5584,0.0164709
5585,0.0164675
5586,0.0164669
5587,0.0164775
5588,0.0165032
5589,0.016517
5590,0.0165287
5591,0.0165255
5592,0.0165109
5593,0.0165071
5594,0.0164947
5595,0.0164936
5596,0.0164878
5597,0.01649
5598,0.0164819
5599,0.0164799
5600,0.0164995
5601,0.0165297
5602,0.016542
5603,0.0165508
5604,0.0165498
5605,0.0165282
5606,0.0165276
5607,0.0165228
5608,0.0165038
5609,0.0164964
5610,0.0164791
5611,0.0164757
5612,0.0165055
5613,0.0165157
5614,0.016521
5615,0.0165158
5616,0.016507
5617,0.0165022
5618,0.0165091
5619,0.0165155
5620,0.0165067
5621,0.0165139
5622,0.016528
5623,0.0165389
5624,0.0165542
5625,0.0165596
5626,0.0165777
5627,0.0165793
5628,0.0165722
5629,0.0165864
5630,0.0165847
5631,0.0165781
5632,0.0165802
5633,0.0165824
5634,0.0165738
5635,0.0165767
5636,0.0166059
5637,0.016625
5638,0.0166327
5639,0.0166249
5640,0.0166265
5641,0.016628
5642,0.0166224
5643,0.0166239
5644,0.0166321
5645,0.0166641
5646,0.0166969
5647,0.0167065
5648,0.0166998
5649,0.0167012
5650,0.0167118
5651,0.0167159
5652,0.016712
5653,0.0167172
5654,0.0167234
5655,0.0167219
5656,0.0167311
5657,0.0167515
5658,0.0167756
5659,0.0167929
5660,0.0168011
5661,0.0168037
5662,0.0167982
5663,0.0167952
5664,0.0167869
5665,0.0167819
5666,0.0167789
5667,0.0167875
5668,0.016805
5669,0.0168239
5670,0.0168471
5671,0.0168649
5672,0.0168602
5673,0.0168513
5674,0.016857
5675,0.0168501
5676,0.0168316
5677,0.0168167
5678,0.0168091
5679,0.0168168
5680,0.016834
5681,0.0168458
5682,0.0168529
5683,0.0168647
5684,0.0168689
5685,0.0168621
5686,0.0168676
5687,0.0168619
5688,0.0168436
5689,0.016826
5690,0.0168179
5691,0.0168228
5692,0.016838
5693,0.0168473
5694,0.0168534
5695,0.0168615
5696,0.0168716
5697,0.0168652
5698,0.0168607
5699,0.0168419
5700,0.0168072
5701,0.0167813
5702,0.0167726
5703,0.0167707
5704,0.0167757
5705,0.0168009
5706,0.0168092
5707,0.016808
5708,0.0168096
5709,0.0168069
5710,0.0168055
5711,0.0167996
5712,0.0167794
5713,0.0167499
5714,0.0167411
5715,0.01674
5716,0.0167436
5717,0.0167651
5718,0.0167784
5719,0.016774
5720,0.0167669
5721,0.0167469
5722,0.0167217
5723,0.0167034
5724,0.0166919
5725,0.0166928
5726,0.0166805
5727,0.0166709
5728,0.0166733
5729,0.0166603
5730,0.0166576
5731,0.0166644
5732,0.0166661
5733,0.0166686
5734,0.0166605
5735,0.0166415
5736,0.0166102
5737,0.0165835
5738,0.0165859
5739,0.0165991
5740,0.0166022
5741,0.016604
5742,0.0166058
5743,0.0166059
5744,0.0166043
5745,0.0165786
5746,0.0165446
5747,0.0165275
5748,0.0165233
5749,0.0165183
5750,0.0165076
5751,0.0165007
5752,0.0165058
5753,0.0165038
5754,0.0165053
5755,0.0165126
5756,0.0164957
5757,0.0164663
5758,0.0164375
5759,0.0164111
5760,0.0163936
5761,0.0163931
5762,0.0164057
5763,0.0164136
5764,0.016417
5765,0.016417
5766,0.016431
5767,0.0164262
5768,0.0164067
5769,0.0163811
5770,0.0163578
5771,0.0163492
5772,0.0163565
5773,0.016354
5774,0.0163505
5775,0.0163442
5776,0.0163532
5777,0.0163691
5778,0.0163854
5779,0.0163856
5780,0.0163659
5781,0.016343
5782,0.0163322
5783,0.016332
5784,0.0163318
5785,0.0163366
5786,0.0163389
5787,0.016331
5788,0.0163381
5789,0.0163572
5790,0.0163557
5791,0.0163415
5792,0.0163349
5793,0.0163397
5794,0.0163472
5795,0.0163471
5796,0.0163379
5797,0.0163374
5798,0.0163451
5799,0.0163501
5800,0.0163645
5801,0.016382
5802,0.0163988
5803,0.0164033
5804,0.016397
5805,0.0163883
5806,0.0163771
5807,0.0163811
5808,0.0163927
5809,0.0163927
5810,0.016385
5811,0.0163714
5812,0.0163762
5813,0.0163993
5814,0.0164096
5815,0.0164209
5816,0.016416
5817,0.0164116
5818,0.0164126
5819,0.0164186
5820,0.0164237
5821,0.016424
5822,0.0164307
5823,0.0164461
5824,0.0164575
5825,0.016461
5826,0.0164736
5827,0.016481
5828,0.0164865
5829,0.0164987
5830,0.0165049
5831,0.0164932
5832,0.0164773
5833,0.0164687
5834,0.0164753
5835,0.0164851
5836,0.0164995
5837,0.0165154
5838,0.0165164
5839,0.0165055
5840,0.0164982
5841,0.0165042
5842,0.0165145
5843,0.0165136
5844,0.0165099
5845,0.016521
5846,0.0165363
5847,0.0165463
5848,0.0165506
5849,0.0165539
5850,0.0165614
5851,0.0165671
5852,0.0165674
5853,0.0165672
5854,0.0165658
5855,0.0165611
5856,0.0165606
5857,0.0165739
5858,0.0165929
5859,0.0166149
5860,0.0166336
5861,0.016644
5862,0.0166421
5863,0.0166327
5864,0.016625
5865,0.0166207
5866,0.0166124
5867,0.0166082
5868,0.0166216
5869,0.0166414
5870,0.0166584
5871,0.0166679
5872,0.0166712
5873,0.0166677
5874,0.0166693
5875,0.0166771
5876,0.0166729
5877,0.0166566
5878,0.0166466
5879,0.0166488
5880,0.0166598
5881,0.0166711
5882,0.0166756
5883,0.0166752
5884,0.0166765
5885,0.0166712
5886,0.0166637
5887,0.0166773
5888,0.0166793
5889,0.0166652
5890,0.0166561
5891,0.0166591
5892,0.0166616
5893,0.0166576
5894,0.0166489
5895,0.0166442
5896,0.0166519
5897,0.0166602
5898,0.0166587
5899,0.0166566
5900,0.016644
5901,0.0166193
5902,0.0165967
5903,0.0165916
5904,0.0165985
5905,0.016605
5906,0.0166137
5907,0.01661
5908,0.0166022
5909,0.0165993
5910,0.0165994
5911,0.0166009
5912,0.0165932
5913,0.0165799
5914,0.0165724
5915,0.0165669
5916,0.0165655
5917,0.0165524
5918,0.0165379
5919,0.0165341
5920,0.0165381
5921,0.0165285
5922,0.0165171
5923,0.0165076
5924,0.0165037
5925,0.0165077
5926,0.0165091
5927,0.0165078
5928,0.016498
5929,0.0164839
5930,0.0164762
5931,0.0164796
5932,0.0164797
5933,0.0164851
5934,0.0164938
5935,0.0164994
5936,0.016499
5937,0.0164932
5938,0.0164861
5939,0.0164858
5940,0.0164926
5941,0.0164918
5942,0.0164825
5943,0.0164686
5944,0.0164646
5945,0.0164627
5946,0.0164578
5947,0.0164559
5948,0.0164623
5949,0.0164694
5950,0.0164679
5951,0.0164597
5952,0.0164475
5953,0.0164314
5954,0.0164207
5955,0.016423
5956,0.0164288
5957,0.0164223
5958,0.016406
5959,0.0163861
5960,0.0163689
5961,0.0163627
5962,0.0163714
5963,0.016387
5964,0.0163972
5965,0.0163967
5966,0.0163902
5967,0.0163913
5968,0.0163806
5969,0.0163531
5970,0.0163268
5971,0.0163149
5972,0.0163222
5973,0.0163454
5974,0.0163579
5975,0.0163626
5976,0.0163647
5977,0.0163609
5978,0.0163539
5979,0.0163508
5980,0.0163485
5981,0.0163413
5982,0.0163314
5983,0.0163299
5984,0.0163394
5985,0.0163591
5986,0.0163811
5987,0.0163867
5988,0.0163784
5989,0.0163716
5990,0.0163733
5991,0.0163704
5992,0.0163642
5993,0.0163609
5994,0.0163708
5995,0.0163901
5996,0.0164096
5997,0.0164233
5998,0.0164318
5999,0.0164411
6000,0.0164442
6001,0.0164499
6002,0.0164547
6003,0.0164556
6004,0.0164476
6005,0.0164396
6006,0.0164429
6007,0.0164591
6008,0.0164824
6009,0.0165048
6010,0.0165188
6011,0.0165167
6012,0.0165094
6013,0.0165075
6014,0.0165053
6015,0.0164948
6016,0.0164897
6017,0.0164982
6018,0.0165186
6019,0.0165412
6020,0.0165619
6021,0.0165788
6022,0.0165807
6023,0.0165772
6024,0.0165736
6025,0.0165571
6026,0.0165372
6027,0.0165291
6028,0.0165423
6029,0.0165624
6030,0.0165817
6031,0.0165967
6032,0.0166066
6033,0.0166004
6034,0.0165828
6035,0.016565
6036,0.0165526
6037,0.016544
6038,0.0165366
6039,0.016534
6040,0.0165295
6041,0.0165293
6042,0.0165403
6043,0.0165638
6044,0.016577
6045,0.016575
6046,0.0165633
6047,0.0165477
6048,0.0165317
6049,0.0165145
6050,0.016504
6051,0.0165106
6052,0.01653
6053,0.0165533
6054,0.0165719
6055,0.016581
6056,0.0165805
6057,0.0165763
6058,0.0165696
6059,0.0165659
6060,0.0165647
6061,0.0165593
6062,0.0165514
6063,0.0165443
6064,0.0165412
6065,0.0165455
6066,0.0165571
6067,0.0165627
6068,0.0165681
6069,0.0165756
6070,0.0165745
6071,0.0165667
6072,0.0165522
6073,0.0165327
6074,0.0165174
6075,0.0165105
6076,0.0165116
6077,0.0165231
6078,0.0165345
6079,0.0165406
6080,0.0165438
6081,0.0165469
6082,0.0165463
6083,0.0165345
6084,0.0165121
6085,0.0164841
6086,0.0164615
6087,0.0164529
6088,0.0164622
6089,0.016479
6090,0.0164858
6091,0.0164884
6092,0.0164878
6093,0.0164813
6094,0.0164612
6095,0.0164327
6096,0.0164059
6097,0.0163894
6098,0.016385
6099,0
6100,0
6101,0
6102,0
6103,0
6104,0
6105,0
6106,0
6107,0
6108,0
6109,0
6110,0
6111,0
6112,0
6113,0
6114,0
6115,0
6116,0
6117,0
6118,0
6119,0
6120,0
6121,0
6122,0
6123,0
6124,0
6125,0
6126,0
6127,0
6128,0
6129,0
6130,0
6131,0
6132,0
6133,0
6134,0
6135,0
6136,0
6137,0
6138,0
6139,0
6140,0
6141,0
6142,0
6143,0
6144,0
6145,0
6146,0
6147,0
6148,0
6149,0
6150,0
6151,0
6152,0
6153,0
6154,0
6155,0
6156,0
6157,0
6158,0
6159,0
6160,0
6161,0
6162,0
6163,0
6164,0
6165,0
6166,0
6167,0
6168,0
6169,0
6170,0
6171,0
6172,0
6173,0
6174,0
6175,0
6176,0
6177,0
6178,0
6179,0
6180,0
6181,0
6182,0
6183,0
6184,0
6185,0
6186,0
6187,0
6188,0
6189,0
6190,0
6191,0
6192,0
6193,0
6194,0
6195,0
6196,0
6197,0
6198,0
6199,0
6200,0
6201,0
6202,0
6203,0
6204,0
6205,0
6206,0
6207,0
6208,0
6209,0
6210,0
6211,0
6212,0
6213,0
6214,0
6215,0
6216,0
6217,0
6218,0
6219,0
6220,0
6221,0
6222,0
6223,0
6224,0
6225,0
6226,0
6227,0
6228,0
6229,0
6230,0
6231,0
6232,0
6233,0
6234,0
6235,0
6236,0
6237,0
6238,0
6239,0
6240,0
6241,0
6242,0
6243,0
6244,0
6245,0
6246,0
6247,0
6248,0
